wavelength[um]           flux[Jy]
4.802919497515497405e+00 9.867634735863737693e-04
4.807724819273263783e+00 1.096935039086708750e-03
4.812534948756252540e+00 5.899796207059543243e-04
4.817349890774593746e+00 9.808392578558023083e-04
4.822169650143221631e+00 7.233851845618489854e-04
4.826994231681899450e+00 1.043480471642288434e-03
4.831823640215215931e+00 1.152134077700931814e-03
4.836657880572579948e+00 8.137047025114057652e-04
4.841496957588230288e+00 2.350836532005830043e-04
4.846340876101236539e+00 6.772945105410389669e-04
4.851189640955514193e+00 8.106761677354396619e-04
4.856043256999840629e+00 9.440820422628336999e-04
4.860901729087832024e+00 1.218576688862559737e-03
4.865765062077957559e+00 1.147327999347929131e-03
4.870633260833544753e+00 1.092367320163941053e-03
4.875506330222796336e+00 6.281215045923938412e-04
4.880384275118790249e+00 1.115332862952919321e-03
4.885267100399468099e+00 6.968623182583124145e-04
4.890154810947647590e+00 9.679515955421190811e-04
4.895047411651042957e+00 6.918734187605763124e-04
4.899944907402258742e+00 3.542757906006101850e-04
4.904847303098789801e+00 9.965811028819595348e-04
4.909754603643035509e+00 9.441914961016397356e-04
4.914666813942294432e+00 8.468315108609096023e-04
4.919583938908781207e+00 1.094021962484240237e-03
4.924505983459625647e+00 1.163562282079389507e-03
4.929432952516857647e+00 1.048481182844532896e-03
4.934364851007448038e+00 5.545106065421134389e-04
4.939301683863293491e+00 8.938878060366081202e-04
4.944243456021228056e+00 5.798947695982187723e-04
4.949190172423037382e+00 7.844346223887720083e-04
4.954141838015429400e+00 2.822463641279824805e-04
4.959098457750072519e+00 3.367497457572400437e-04
4.964060036583591184e+00 7.111009825614984098e-04
4.969026579477556993e+00 8.266346790843465088e-04
4.973998091398528665e+00 1.078933384405208204e-03
4.978974577317996975e+00 5.943638226861761150e-04
4.983956042212440707e+00 9.919740046967296179e-04
4.988942491063345308e+00 9.909626368409779184e-04
4.993933928857154037e+00 9.356839298657375565e-04
4.998930360585300825e+00 8.336383779039195727e-04
5.003931791244231597e+00 8.225134705882007624e-04
5.008938225835386504e+00 8.352790940372643814e-04
5.013949669365178607e+00 5.809561813005844483e-04
5.018966126845050724e+00 1.405863183322462497e-04
5.023987603291482529e+00 5.285866313531684731e-04
5.029014103725941709e+00 3.622978629473354198e-04
5.034045633174912382e+00 8.157423389617162769e-04
5.039082196669929736e+00 8.705259462679104145e-04
5.044123799247563156e+00 7.648117947569081860e-04
5.049170445949409114e+00 8.922476514934948779e-04
5.054222141822116932e+00 1.050004221821706401e-03
5.059278891917391441e+00 8.223953895068919799e-04
5.064340701291981439e+00 8.221082781195229597e-04
5.069407575007691236e+00 1.059264555663682033e-03
5.074479518131396638e+00 8.138407015794121065e-04
5.079556535735047618e+00 4.611474978703268015e-04
5.084638632895670085e+00 2.113397686025874223e-04
5.089725814695343686e+00 8.654412507546248518e-04
5.094818086221258646e+00 8.858540522427248414e-04
5.099915452565697116e+00 6.983913304340786743e-04
5.105017918826000312e+00 8.698318946518472346e-04
5.110125490104636903e+00 4.014302133056576799e-04
5.115238171509194132e+00 4.837649698340228490e-04
5.120355968152357384e+00 1.041002902540693080e-03
5.125478885151911967e+00 7.846334722980512211e-04
5.130606927630777747e+00 5.735582898983604709e-04
5.135740100717002043e+00 5.902541139436595381e-04
5.140878409543742755e+00 3.573785702693680157e-04
5.146021859249314545e+00 2.243923596103664575e-04
5.151170454977185287e+00 3.287520253629426211e-04
5.156324201875936986e+00 6.081362696269886027e-04
5.161483105099310187e+00 5.438971005779834420e-04
5.166647169806227957e+00 6.379108585827100242e-04
5.171816401160747922e+00 4.930662270753611307e-04
5.176990804332091578e+00 7.164619318394809542e-04
5.182170384494676263e+00 8.816761588722842177e-04
5.187355146828076080e+00 6.432154453437462964e-04
5.192545096517045877e+00 8.263297089698054933e-04
5.197740238751555886e+00 3.499898628105115538e-04
5.202940578726746423e+00 2.682268425278134020e-04
5.208146121642936777e+00 3.754132797822231651e-04
5.213356872705670497e+00 1.642021925343552236e-04
5.218572837125715402e+00 4.100272736350942752e-04
5.223794020119036929e+00 4.045170647958644915e-04
5.229020426906815899e+00 8.054688038276841501e-04
5.234252062715459175e+00 4.194250589897413855e-04
5.239488932776602326e+00 3.521525959219687254e-04
5.244731042327116732e+00 6.847141700403158162e-04
5.249978396609110476e+00 6.690142417493966532e-04
5.255231000869926561e+00 6.805074577525366221e-04
5.260488860362181995e+00 5.789558582035708462e-04
5.265751980343742922e+00 6.259925679271513988e-04
5.271020366077721064e+00 4.260691543841153579e-04
5.276294022832505703e+00 2.160305908722250123e-04
5.281572955881746800e+00 3.645761238436541095e-04
5.286857170504389636e+00 4.980181439509974179e-04
5.292146671984641948e+00 2.026442433865698295e-04
5.297441465612009459e+00 5.559759390976733249e-04
5.302741556681281665e+00 5.038583999675083722e-04
5.308046950492546046e+00 5.284709920680089740e-04
5.313357652351208493e+00 7.985564811541769016e-04
5.318673667567960450e+00 4.819808309010442746e-04
5.323995001458828646e+00 5.240268038851934656e-04
5.329321659345145790e+00 6.997101448520129602e-04
5.334653646553560336e+00 7.487064621062041294e-04
5.339990968416064021e+00 6.402912409949105231e-04
5.345333630269974101e+00 2.599545088666476160e-04
5.350681637457967987e+00 1.045453003336623140e-04
5.356034995328046833e+00 1.918384614296186918e-04
5.361393709233554183e+00 4.662989825924314380e-04
5.366757784533228381e+00 3.788266952667068590e-04
5.372127226591127069e+00 2.571576909027979089e-04
5.377502040776687586e+00 3.657903683395728246e-04
5.382882232464750061e+00 4.056275699591368913e-04
5.388267807035501455e+00 5.308673117034695384e-04
5.393658769874507541e+00 6.517210117898976883e-04
5.399055126372735991e+00 5.049536752624998216e-04
5.404456881926535949e+00 4.887641490723026094e-04
5.409864041937665569e+00 1.827447015102827627e-04
5.415276611813295560e+00 2.454945399342227841e-04
5.420694596965989653e+00 8.295867736312641889e-05
5.426118002813722363e+00 1.574314787960140981e-04
5.431546834779907407e+00 3.388352914202966983e-04
5.436981098293381720e+00 4.551478962384823386e-04
5.442420798788408121e+00 3.224691913325315024e-04
5.447865941704686854e+00 4.436427694480741092e-04
5.453316532487360035e+00 2.573163809554541407e-04
5.458772576587028524e+00 3.612127486913062954e-04
5.464234079459717286e+00 1.352015569681580044e-04
5.469701046566937563e+00 2.940351840270083667e-04
5.475173483375658456e+00 3.413107248061490696e-04
5.480651395358322020e+00 2.095401972585672851e-04
5.486134787992848594e+00 2.956670942322531313e-04
5.491623666762627032e+00 4.721335699977899760e-04
5.497118037156524473e+00 4.929385184070251549e-04
5.502617904668908544e+00 2.095601611511165865e-04
5.508123274799650027e+00 3.982162513534970544e-04
5.513634153054125520e+00 3.838292458372402410e-04
5.519150544943213887e+00 2.425445708917781064e-04
5.524672455983298036e+00 2.526175263648508594e-04
5.530199891696303993e+00 2.149047931754166239e-04
5.535732857609660940e+00 4.023020996188102693e-04
5.541271359256339402e+00 3.605741997847565082e-04
5.546815402174844145e+00 2.045679517192872630e-04
5.552364991909219505e+00 1.625855368747205186e-04
5.557920134009045832e+00 1.630138245908212356e-04
5.563480834029462585e+00 2.737869558276871109e-04
5.569047097531185209e+00 1.481538219731895348e-04
5.574618930080467827e+00 2.613727272393159720e-04
5.580196337249130778e+00 1.224188455958700778e-04
5.585779324614605024e+00 1.486918348826535199e-04
5.591367897759871752e+00 3.258436300424859332e-04
5.596962062273499683e+00 4.040097699181857249e-04
5.602561823749655723e+00 1.450799896688738139e-04
5.608167187788102304e+00 3.210452699256149543e-04
5.613778159994197381e+00 1.708618676097713694e-04
5.619394745978917527e+00 2.077122546902995641e-04
5.625016951358853490e+00 3.411690741071278770e-04
5.630644781756208417e+00 2.327186038883352561e-04
5.636278242798814730e+00 2.804764916590932015e-04
5.641917340120138569e+00 9.987782565087131392e-05
5.647562079359276233e+00 1.501296167029996876e-04
5.653212466160955074e+00 1.555367071166593171e-04
5.658868506175565471e+00 2.063519731646774403e-04
5.664530205059157275e+00 2.866871969952645440e-04
5.670197568473430039e+00 3.552402026097996996e-04
5.675870602085742789e+00 1.193884487931878369e-04
5.681549311569130012e+00 2.564930585513553862e-04
5.687233702602298102e+00 2.133463559489188316e-04
5.692923780869640460e+00 1.572258428123160718e-04
5.698619552061241933e+00 3.588565710879761247e-04
5.704321021872855724e+00 2.514984012373135667e-04
5.710028196005965562e+00 7.067095086302298929e-05
5.715741080167753729e+00 1.370949350153431040e-04
5.721459680071106391e+00 1.009081163363176174e-04
5.727184001434619809e+00 1.908541569713837665e-04
5.732914049982607452e+00 1.453263182154847894e-04
5.738649831445123084e+00 2.104450761989424146e-04
5.744391351557942116e+00 2.432375350193073291e-04
5.750138616062592689e+00 1.551977450408220443e-04
5.755891630706344131e+00 2.377904330143341992e-04
5.761650401242202513e+00 1.768884935425533609e-04
5.767414933428948842e+00 4.566374731303213513e-05
5.773185233031119523e+00 1.715697517783270601e-04
5.778961305818993921e+00 1.343051382264196588e-04
5.784743157568643213e+00 3.111829227527676588e-04
5.790530794061935715e+00 4.591737358960904869e-04
5.796324221086498696e+00 4.161769569920679285e-04
5.802123444435760113e+00 1.855391175478653489e-04
5.807928469908952174e+00 2.507581228511635008e-04
5.813739303311101558e+00 3.036148018086424951e-04
5.819555950453048965e+00 7.250132904002065594e-05
5.825378417151427790e+00 1.109423201585444876e-04
5.831206709228703211e+00 8.495006518438145699e-05
5.837040832513173960e+00 1.627990999913380560e-04
5.842880792838965220e+00 3.148606568520589412e-04
5.848726596046033954e+00 2.419070319249040180e-04
5.854578247980187555e+00 3.350802260811987622e-04
5.860435754493076743e+00 1.363847150652545406e-04
5.866299121442203557e+00 1.437088581742806753e-04
5.872168354690942671e+00 1.944236896210676266e-04
5.878043460108524521e+00 1.069089835081974907e-04
5.883924443570055729e+00 7.470992986637096055e-05
5.889811310956534207e+00 1.627794093130613851e-04
5.895704068154810962e+00 7.480700057211237550e-05
5.901602721057636280e+00 2.078747690538173827e-04
5.907507275563671278e+00 3.052807907577673218e-04
5.913417737577482569e+00 2.901542970739472973e-04
5.919334113009534271e+00 2.142298142827341479e-04
5.925256407776183565e+00 2.049691453658918994e-04
5.931184627799722442e+00 2.095796708649802877e-04
5.937118779008377700e+00 4.900265706957584192e-05
5.943058867336306506e+00 1.348405886678082414e-04
5.949004898723619483e+00 1.616384772019466049e-04
5.954956879116325652e+00 2.082756652484933711e-04
5.960914814466400813e+00 3.296415530977835941e-04
5.966878710731783109e+00 1.428197192855646790e-04
5.972848573876380129e+00 2.499720287914796693e-04
5.978824409870050260e+00 2.896696116105273544e-04
5.984806224688616894e+00 1.985704803649282729e-04
5.990794024313907506e+00 1.091704653882590579e-04
5.996787814733730571e+00 2.708553083578085470e-04
6.002787601941869333e+00 4.487548169868576077e-04
6.008793391938100470e+00 3.929071510699794537e-04
6.014805190728216289e+00 1.695662659128262186e-04
6.020823004324017624e+00 2.444269227279828420e-04
6.026846838743330714e+00 4.413972271859625904e-04
6.032876700009986770e+00 2.467489127533944895e-04
6.038912594153840629e+00 2.524656947597706588e-04
6.044954527210790296e+00 8.104115903595737573e-05
6.051002505222770722e+00 4.183238691431476430e-05
6.057056534237768908e+00 2.505990984084089756e-04
6.063116620309811466e+00 2.244812547405884674e-04
6.069182769498976171e+00 9.850677909373384440e-05
6.075254987871400836e+00 1.048586315568543443e-04
6.081333281499319732e+00 2.877302248392845990e-04
6.087417656461035165e+00 3.254616353531056099e-04
6.093508118840904153e+00 3.470949459454432807e-04
6.099604674729400600e+00 3.299392551272756018e-04
6.105707330223097529e+00 1.580890321723793816e-04
6.111816091424632447e+00 1.286638234232640604e-04
6.117930964442757080e+00 1.717620098525932690e-04
6.124051955392355140e+00 3.545621469550987496e-04
6.130179070394425445e+00 2.874804634522917400e-04
6.136312315576075704e+00 3.094285424124507220e-04
6.142451697070549166e+00 1.680697816063405150e-04
6.148597221017229053e+00 1.787638602523840801e-04
6.154748893561649226e+00 1.974234216816326832e-04
6.160906720855489738e+00 1.076468092989709704e-04
6.167070709056560851e+00 1.915284042430516844e-04
6.173240864328839450e+00 2.081348816411940339e-04
6.179417192842490358e+00 3.004459591573094995e-04
6.185599700773854792e+00 9.020476419676925247e-05
6.191788394305445031e+00 3.363265200861173120e-04
6.197983279625935538e+00 3.228743198979267372e-04
6.204184362930219798e+00 3.742712261624974975e-04
6.210391650419380127e+00 2.653645965718529282e-04
6.216605148300706318e+00 4.110634089266309785e-04
6.222824862787706302e+00 2.794958283424382002e-04
6.229050800100091934e+00 4.438515081190855878e-04
6.235282966463794097e+00 4.320912024098684957e-04
6.241521368110988455e+00 2.965639938607189424e-04
6.247766011280059040e+00 4.392602812301163082e-04
6.254016902215656870e+00 6.085398459830314126e-04
6.260274047168675082e+00 4.599894480713375236e-04
6.266537452396248931e+00 3.760210071942161805e-04
6.272807124161806414e+00 3.797655371160708112e-04
6.279083068735027418e+00 4.214976826749324327e-04
6.285365292391836611e+00 3.882867448307442842e-04
6.291653801414452296e+00 4.876678472982258353e-04
6.297948602091396175e+00 4.547886679668085709e-04
6.304249700717477367e+00 6.129577944678153397e-04
6.310557103593776418e+00 7.183421166855051858e-04
6.316870817027704810e+00 4.259693562538011992e-04
6.323190847332972098e+00 6.154919110750801991e-04
6.329517200829613444e+00 4.039603617271295068e-04
6.335849883843988728e+00 3.789071710588095285e-04
6.342188902708794096e+00 1.137937755361878540e-04
6.348534263763021990e+00 2.461118662872757755e-04
6.354885973352024209e+00 4.204952962144225702e-04
6.361244037827539444e+00 4.041223518488276656e-04
6.367608463547619557e+00 2.446355557888461440e-04
6.373979256876696198e+00 2.093221639317198284e-04
6.380356424185564812e+00 4.063909248209356161e-04
6.386739971851379316e+00 3.043864881334245459e-04
6.393129906257698281e+00 2.567567963756560326e-04
6.399526233794451180e+00 3.562185190624034075e-04
6.405928960857969479e+00 1.574675489141869197e-04
6.412338093850993737e+00 7.205715793761355379e-05
6.418753639182644299e+00 5.272771663837230700e-05
6.425175603268466595e+00 2.168681540297008571e-04
6.431603992530423142e+00 1.310854354790950277e-04
6.438038813396905979e+00 2.157449767218203116e-04
6.444480072302737561e+00 3.271015966217509703e-04
6.450927775689183186e+00 1.254449716645063154e-04
6.457381930003953663e+00 2.468468879095490551e-04
6.463842541701190214e+00 3.288594259234481256e-04
6.470309617241495559e+00 1.077876913291410317e-04
6.476783163091949902e+00 1.171684443242166886e-04
6.483263185726115374e+00 9.612026336644815129e-05
6.489749691624010275e+00 1.105313950064048259e-04
6.496242687272122396e+00 7.331000833763703266e-05
6.502742179163472080e+00 1.629787320445182488e-04
6.509248173797546499e+00 2.205158977186367445e-04
6.515760677680336066e+00 1.648218494658096778e-04
6.522279697324338876e+00 1.135516656103773730e-04
6.528805239248586467e+00 1.898926914127490662e-04
6.535337309978614506e+00 3.778422002228323242e-04
6.541875916046494766e+00 1.727675203432800413e-04
6.548421063990833346e+00 1.748871146559234895e-04
6.554972760356782224e+00 1.223654345755722356e-04
6.561531011696033922e+00 2.208118515085427235e-04
6.568095824566835716e+00 1.322671391046886368e-04
6.574667205534010073e+00 8.186538899683256482e-05
6.581245161168946645e+00 1.871685199711163562e-04
6.587829698049589844e+00 1.690353902977247732e-04
6.594420822760478806e+00 9.293508536249806625e-05
6.601018541892749170e+00 1.667629137984273484e-04
6.607622862044110867e+00 2.845310580076785526e-04
6.614233789818875664e+00 1.318364620216731743e-04
6.620851331827976693e+00 1.405598671647867351e-04
6.627475494688962243e+00 1.129490733913618682e-04
6.634106285025994865e+00 5.204498638398079980e-05
6.640743709469855816e+00 8.589002739062095960e-05
6.647387774657985027e+00 2.833599822817053655e-04
6.654038487234453569e+00 3.430726092168610787e-04
6.660695853849973425e+00 2.262346883451290679e-04
6.667359881161896595e+00 2.400634265084631452e-04
6.674030575834250634e+00 1.795021804450590991e-04
6.680707944537742193e+00 1.806594138649909225e-04
6.687391993949728608e+00 2.157265794850785892e-04
6.694082730754263189e+00 3.806116590022812847e-04
6.700780161642089006e+00 4.242444278903955866e-04
6.707484293310628232e+00 1.448785932184532325e-04
6.714195132464017668e+00 1.112935980166369763e-04
6.720912685813112297e+00 2.261849888465151568e-04
6.727636960075452421e+00 2.269587191844544259e-04
6.734367961975310735e+00 2.907801240443277924e-04
6.741105698243684330e+00 3.632042342478495256e-04
6.747850175618314239e+00 2.368011347945064740e-04
6.754601400843686321e+00 3.276202396022382616e-04
6.761359380671025932e+00 5.222906236753588772e-04
6.768124121858305919e+00 2.857593111395796085e-04
6.774895631170272381e+00 1.615601322912658510e-04
6.781673915378440221e+00 2.199016268111712120e-04
6.788458981261083380e+00 1.341311045704132081e-04
6.795250835603269479e+00 1.345233439717401149e-04
6.802049485196856260e+00 3.201186438264607185e-04
6.808854936840480043e+00 3.484689514156078622e-04
6.815667197339611683e+00 2.907525342828384276e-04
6.822486273506513932e+00 2.643167086780877383e-04
6.829312172160263650e+00 2.272574903225669412e-04
6.836144900126752688e+00 2.993509713133408329e-04
6.842984464238716313e+00 4.212169270206892976e-04
6.849830871335718996e+00 2.688414479692458688e-04
6.856684128264158851e+00 1.488095755011021953e-04
6.863544241877308494e+00 7.464680969145276413e-05
6.870411219035266193e+00 1.693993037889469423e-04
6.877285066604999386e+00 2.477391434765158999e-04
6.884165791460372219e+00 2.424708432722458425e-04
6.891053400482104685e+00 4.345442894109096581e-04
6.897947900557812595e+00 4.591344752915205900e-04
6.904849298582003136e+00 1.983144642826223294e-04
6.911757601456058886e+00 4.053140178614870180e-04
6.918672816088298205e+00 3.920133515812153965e-04
6.925594949393934385e+00 4.531217382243961779e-04
6.932524008295088969e+00 5.916523792827321944e-04
6.939459999720837047e+00 2.805508920066423400e-04
6.946402930607153969e+00 4.614671269901816269e-04
6.953352807896973076e+00 3.296153182782974971e-04
6.960309638540182142e+00 8.909346808781715978e-05
6.967273429493618941e+00 2.822180921148898132e-04
6.974244187721073018e+00 2.932665112446829073e-04
6.981221920193293684e+00 3.179298733255137379e-04
6.988206633888011332e+00 4.469986919693938856e-04
6.995198335789934774e+00 2.484669009381110911e-04
7.002197032890781436e+00 3.737725525696321662e-04
7.009202732189245388e+00 3.879491003340948822e-04
7.016215440691028427e+00 3.370237173210491191e-04
7.023235165408839187e+00 1.825666997777705876e-04
7.030261913362399362e+00 4.445773344303945466e-04
7.037295691578455248e+00 3.279697101338200781e-04
7.044336507090792843e+00 1.125791149467531325e-04
7.051384366940225412e+00 1.917209457981133445e-04
7.058439278174613030e+00 2.128139789678164088e-04
7.065501247848869681e+00 3.745639937567765330e-04
7.072570283024953497e+00 5.015967675590552550e-04
7.079646390771910269e+00 3.396348301990744791e-04
7.086729578165847698e+00 3.032571699503717826e-04
7.093819852289950489e+00 3.573748233634857193e-04
7.100917220234501670e+00 4.319804815722899606e-04
7.108021689096868378e+00 3.801066156716739709e-04
7.115133265981508082e+00 2.348195355508701603e-04
7.122251958000005878e+00 2.732782691194537809e-04
7.129377772271054070e+00 4.257892983670649267e-04
7.136510715920461934e+00 4.440465823928908275e-04
7.143650796081180587e+00 2.562600754678875980e-04
7.150798019893291446e+00 2.058060515350434321e-04
7.157952394504015992e+00 2.583755909093719220e-04
7.165113927067729982e+00 2.218550954516552022e-04
7.172282624745966118e+00 1.639663588761028075e-04
7.179458494707433580e+00 3.570413579025087897e-04
7.186641544127991388e+00 3.233952745187781280e-04
7.193831780190693692e+00 3.290239394003546618e-04
7.201029210085776455e+00 3.133457254641065152e-04
7.208233841010669884e+00 1.483121323582467033e-04
7.215445680170001985e+00 2.459086347467672774e-04
7.222664734775615436e+00 3.836453200873315354e-04
7.229891012046563148e+00 3.073036217248712744e-04
7.237124519209115370e+00 2.378171898235217051e-04
7.244365263496787222e+00 3.033351498396407581e-04
7.251613252150333366e+00 2.423301687964701746e-04
7.258868492417732021e+00 1.912262991440291974e-04
7.266130991554229368e+00 3.430685297816829082e-04
7.273400756822334223e+00 2.070064820713808640e-04
7.280677795491791393e+00 1.273191609658843985e-04
7.287962114839658945e+00 3.029243124033776779e-04
7.295253722150257580e+00 2.609030098074181076e-04
7.302552624715171525e+00 1.777452445872257846e-04
7.309858829833316918e+00 1.840454011142290210e-04
7.317172344810906282e+00 3.010644201933034675e-04
7.324493176961445862e+00 2.388003348481524107e-04
7.331821333605771152e+00 1.680293179976475963e-04
7.339156822072049557e+00 1.517291730184017944e-04
7.346499649695761747e+00 1.279395190262816256e-04
7.353849823819730958e+00 1.824017561167866992e-04
7.361207351794133658e+00 1.903739602219229720e-04
7.368572240976500431e+00 2.393921092439677142e-04
7.375944498731714205e+00 1.044860749393811730e-04
7.383324132432038667e+00 2.283120958035528541e-04
7.390711149457121820e+00 1.805585505627698144e-04
7.398105557193967563e+00 1.388564667399305860e-04
7.405507363036982760e+00 2.695929086428289234e-04
7.412916574387977242e+00 2.447677649056158528e-04
7.420333198656158480e+00 1.197700325275451513e-04
7.427757243258165332e+00 1.358461680593321165e-04
7.435188715618026301e+00 2.700594764256101826e-04
7.442627623167226147e+00 2.171312416830609258e-04
7.450073973344677469e+00 7.297004021962103740e-05
7.457527773596704712e+00 1.815966589849460529e-04
7.464989031377127660e+00 1.547823816280646358e-04
7.472457754147218800e+00 1.286258714066604487e-04
7.479933949375681124e+00 1.233009799104667229e-04
7.487417624538715621e+00 2.900453338759369400e-04
7.494908787120001747e+00 2.983990686645204946e-04
7.502407444610705411e+00 1.445290385338717431e-04
7.509913604509471874e+00 2.581800458864308835e-04
7.517427274322463937e+00 2.813336389075768939e-04
7.524948461563357505e+00 3.446244043925702919e-04
7.532477173753336253e+00 1.402887326925420506e-04
7.540013418421120939e+00 3.196574751065893167e-04
7.547557203102954304e+00 2.996368205827213901e-04
7.555108535342625942e+00 2.943904843426805511e-04
7.562667422691465191e+00 2.359204083456841480e-04
7.570233872708334033e+00 3.196087309862836903e-04
7.577807892959704361e+00 2.795243582499651910e-04
7.585389491019602914e+00 3.257576429038951918e-04
7.592978674469621936e+00 2.019652765462129807e-04
7.600575450898950258e+00 3.726543348301653165e-04
7.608179827904360870e+00 2.991486135576128138e-04
7.615791813090229567e+00 2.661171959525368710e-04
7.623411414068546499e+00 2.765794662295807086e-04
7.631038638458922385e+00 4.871482726638327204e-04
7.638673493888579635e+00 4.152789101957239572e-04
7.646315987992360341e+00 3.047661501215966746e-04
7.653966128412753811e+00 8.267529909287961735e-05
7.661623922799913444e+00 2.979480859033052558e-05
7.669289378811644298e+00 4.578143897960701279e-05
7.676962504113393315e+00 7.727001527101829304e-05
7.684643306378275973e+00 1.085886311770215755e-04
7.692331793287113584e+00 9.228524367240877675e-05
7.700027972528380005e+00 1.559245561760008096e-04
7.707731851798260259e+00 1.346069029489799956e-04
7.715443438800645204e+00 1.693827996475782548e-04
7.723162741247111995e+00 1.314178601398039380e-04
7.730889766856956946e+00 1.596362145395550946e-04
7.738624523357209739e+00 1.642025006920474312e-04
7.746367018482623656e+00 2.170249705392214058e-04
7.754117259975698673e+00 2.104831928444615338e-04
7.761875255586685896e+00 1.186471999443029535e-04
7.769641013073576019e+00 2.083415215386151542e-04
7.777414540202123305e+00 3.453722208334833758e-04
7.785195844745864235e+00 3.119103370300320703e-04
7.792984934486088200e+00 1.154041291680554511e-04
7.800781817211895230e+00 2.093419290419079256e-04
7.808586500720172019e+00 2.421754227108846786e-04
7.816398992815590141e+00 3.301864371388427014e-04
7.824219301310663788e+00 2.921319275724361766e-04
7.832047434025691146e+00 1.957493249907802442e-04
7.839883398788801472e+00 1.923931085254571884e-04
7.847727203435962195e+00 3.458197034664007219e-04
7.855578855810978034e+00 3.784474744238005011e-04
7.863438363765502537e+00 1.766160471293748565e-04
7.871305735159038974e+00 1.971625753990470336e-04
7.879180977858966095e+00 2.396079114161910517e-04
7.887064099740539014e+00 1.507002445321268646e-04
7.894955108686876777e+00 3.007695373398174910e-04
7.902854012588970356e+00 2.005564239320348848e-04
7.910760819345729722e+00 3.031762464575419279e-04
7.918675536863970521e+00 2.015220590909618187e-04
7.926598173058410524e+00 2.385798228679769845e-04
7.934528735851683834e+00 1.776868668335597175e-04
7.942467233174356878e+00 2.579560471628586284e-04
7.950413672964919520e+00 4.710791076342941714e-04
7.958368063169806383e+00 3.013690556144678996e-04
7.966330411743423490e+00 2.957369946150546530e-04
7.974300726648118953e+00 2.372771843423640038e-04
7.982279015854214954e+00 3.278604469521581946e-04
7.990265287339989975e+00 5.028121697344726214e-04
7.998259549091704557e+00 3.423797045286138029e-04
8.006261809103637717e+00 3.824257579228738609e-04
8.014272075378054083e+00 1.990109837642615748e-04
8.022290355925223437e+00 2.946745830695347433e-04
8.030316658763410942e+00 2.280657532084756037e-04
8.038350991918919775e+00 3.858054740840892840e-04
8.046393363426082246e+00 2.492417046346034675e-04
8.054443781327284668e+00 2.444585630792436826e-04
8.062502253672942487e+00 3.689586226777184287e-04
8.070568788521519821e+00 3.338895081915843285e-04
8.078643393939561435e+00 2.928314924581411761e-04
8.086726078001669649e+00 2.169506714027760015e-04
8.094816848790525654e+00 3.947336358965281185e-04
8.102915714396893065e+00 4.518919300377469031e-04
8.111022682919651672e+00 4.242732046442537677e-04
8.119137762465776120e+00 5.758895559117063181e-04
8.127260961150343022e+00 2.607477762740360752e-04
8.135392287096552266e+00 2.495981834657660893e-04
8.143531748435727025e+00 4.812330272611147169e-04
8.151679353307327958e+00 4.872086051508817584e-04
8.159835109858956770e+00 3.044091620296159127e-04
8.167999026246375749e+00 4.321143150881810138e-04
8.176171110633504213e+00 2.901821226126950022e-04
8.184351371192425617e+00 3.547166878022407093e-04
8.192539816103396433e+00 3.184941669229535990e-04
8.200736453554856809e+00 4.019822233599104839e-04
8.208941291743464319e+00 3.304110566953467865e-04
8.217154338874046005e+00 3.877482545995818023e-04
8.225375603159651661e+00 4.584839394418222750e-04
8.233605092821548510e+00 5.473462169811720577e-04
8.241842816089222978e+00 4.158099031660078592e-04
8.250088781200394905e+00 3.227854961618469259e-04
8.258342996401033531e+00 3.627145377906799192e-04
8.266605469945350393e+00 3.567918619279118221e-04
8.274876210095818863e+00 6.230679668959474655e-04
8.283155225123197241e+00 5.710676315287138444e-04
8.291442523306500334e+00 6.372430751710298933e-04
8.299738112933011891e+00 5.805670161288988213e-04
8.308042002298329010e+00 4.506338105971023330e-04
8.316354199706328387e+00 4.497228651999940615e-04
8.324674713469219611e+00 4.477888625850847564e-04
8.333003551907516737e+00 5.147403280017451982e-04
8.341340723350057829e+00 4.780641509595129519e-04
8.349686236134026274e+00 5.101899989557732214e-04
8.358040098604924140e+00 4.445262626665166762e-04
8.366402319116609476e+00 3.143904786741670934e-04
8.374772906031305197e+00 5.388704607887391919e-04
8.383151867719606187e+00 5.652522989883722836e-04
8.391539212560475747e+00 4.479018909042592803e-04
8.399934948941243817e+00 4.689532398750595205e-04
8.408339085257669154e+00 4.929650832672169544e-04
8.416751629913893140e+00 5.985036443445705505e-04
8.425172591322459326e+00 5.099414498856434707e-04
8.433601977904316982e+00 7.130525267338745513e-04
8.442039798088844194e+00 6.211893223485474499e-04
8.450486060313874503e+00 6.523410672049413401e-04
8.458940773025680926e+00 5.479849946471805405e-04
8.467403944678963512e+00 5.785548174141015793e-04
8.475875583736875996e+00 6.763383354085853068e-04
8.484355698671075530e+00 5.662547139384511942e-04
8.492844297961687161e+00 3.506699092296517058e-04
8.501341390097307382e+00 5.649024206853470653e-04
8.509846983575018342e+00 6.313498534845230891e-04
8.518361086900416268e+00 4.657941803740207388e-04
8.526883708587611466e+00 6.722640703364409897e-04
8.535414857159233648e+00 6.476345508475322066e-04
8.543954541146417725e+00 5.915636671393357734e-04
8.552502769088846435e+00 6.738431675677423755e-04
8.561059549534769886e+00 7.584064378955443584e-04
8.569624891040952264e+00 6.627925578203561425e-04
8.578198802172746440e+00 6.515640199378781557e-04
8.586781291504056668e+00 7.202746614526302129e-04
8.595372367617367004e+00 8.936655320377197374e-04
8.603972039103769731e+00 7.721117273583112976e-04
8.612580314562928052e+00 6.316764566797512673e-04
8.621197202603108067e+00 5.442328627063251767e-04
8.629822711841205418e+00 2.819092044556906055e-04
8.638456850902734629e+00 5.414934472042095236e-04
8.647099628421834439e+00 6.384089718512107577e-04
8.655751053041290888e+00 7.242855683357561376e-04
8.664411133412508903e+00 8.133029202218088147e-04
8.673079878195581571e+00 6.123017751626177877e-04
8.681757296059268825e+00 7.008043402602967932e-04
8.690443395680979677e+00 6.441707945443628193e-04
8.699138185746804197e+00 6.782751045703208203e-04
8.707841674951529498e+00 7.753328867499263049e-04
8.716553871998657499e+00 7.583181075456512168e-04
8.725274785600385385e+00 9.223167811304774227e-04
8.734004424477628703e+00 8.569784540610502540e-04
8.742742797360030238e+00 6.945702097416150663e-04
8.751489912985947583e+00 7.948431727929526278e-04
8.760245780102501101e+00 6.851916579272813741e-04
8.769010407465557932e+00 4.116930086743489760e-04
8.777783803839755095e+00 7.249422890181840724e-04
8.786565977998492372e+00 5.577859854561083037e-04
8.795356938723937645e+00 4.976519736217893067e-04
8.804156694807058869e+00 5.522494358598711893e-04
8.812965255047608082e+00 8.015395995972435846e-04
8.821782628254137393e+00 6.983075573210173600e-04
8.830608823244023853e+00 7.845352437646157476e-04
8.839443848843473006e+00 7.332830855548788749e-04
8.848287713887501127e+00 9.226607117235062537e-04
8.857140427219979628e+00 7.194494275101933050e-04
8.866001997693627956e+00 1.031248300246198797e-03
8.874872434170018920e+00 8.239024644608140477e-04
8.883751745519582244e+00 7.053751619347772752e-04
8.892639940621627659e+00 9.926461647390958688e-04
8.901537028364348458e+00 7.828436366921484113e-04
8.910443017644842811e+00 3.391901043943720633e-04
8.919357917369106659e+00 5.897476192351424956e-04
8.928281736452028383e+00 8.897228321726949199e-04
8.937214483817424338e+00 8.100905099535092883e-04
8.946156168398053055e+00 4.809704301658790436e-04
8.955106799135604589e+00 5.395135093304776787e-04
8.964066384980700519e+00 6.192863751637345303e-04
8.973034934892922365e+00 6.080563950026097704e-04
8.982012457840816921e+00 6.554584620424117481e-04
8.990998962801915795e+00 9.100976978050954016e-04
8.999994458762728300e+00 6.628635424539828548e-04
9.008998954718752117e+00 8.652599773531114780e-04
9.018012459674482173e+00 9.158372790304204801e-04
9.027034982643430183e+00 7.025903017990796579e-04
9.036066532648110439e+00 8.103199539825254542e-04
9.045107118720066453e+00 8.433254488680430160e-04
9.054156749899895829e+00 6.568133166522871968e-04
9.063215435237236051e+00 3.459837252269301697e-04
9.072283183790760930e+00 8.287020947916940881e-04
9.081360004628232119e+00 8.218529679707288309e-04
9.090445906826463585e+00 7.093481661294768733e-04
9.099540899471355360e+00 8.937240913401723339e-04
9.108644991657909529e+00 9.656454893200428196e-04
9.117758192490214242e+00 5.871607595941883122e-04
9.126880511081457925e+00 5.025314867114988662e-04
9.136011956553980795e+00 6.890678697009368315e-04
9.145152538039225121e+00 6.886485583729010139e-04
9.154302264677754764e+00 8.615863155958368045e-04
9.163461145619308468e+00 6.345953236643789947e-04
9.172629190022773216e+00 8.911672567527192381e-04
9.181806407056207320e+00 5.325566663113221995e-04
9.190992805896815554e+00 9.725334149466505337e-04
9.200188395730982904e+00 8.192669079787715143e-04
9.209393185754310096e+00 5.250482095260161847e-04
9.218607185171601159e+00 3.298206251545796703e-04
9.227830403196847442e+00 7.408348965278697398e-04
9.237062849053257807e+00 1.036522043215684294e-03
9.246304531973295937e+00 1.046523350668168923e-03
9.255555461198628819e+00 8.599392471000395343e-04
9.264815645980180037e+00 9.387604399506916178e-04
9.274085095578149307e+00 9.506579278636161697e-04
9.283363819261991168e+00 7.826505734798389980e-04
9.292651826310423857e+00 3.923944068747922242e-04
9.301949126011466618e+00 5.238801449783704600e-04
9.311255727662414827e+00 4.754079299475464423e-04
9.320571640569852434e+00 5.951702705060384763e-04
9.329896874049707023e+00 8.250596590527112251e-04
9.339231437427214289e+00 6.120118743875388066e-04
9.348575340036930470e+00 1.002280900001329897e-03
9.357928591222769654e+00 9.197776158028556342e-04
9.367291200337986012e+00 7.096325388947389168e-04
9.376663176745188011e+00 6.634666254675314258e-04
9.386044529816331305e+00 3.866702802686501758e-04
9.395435268932775585e+00 9.040298249263464033e-04
9.404835403485281020e+00 1.015119428289674650e-03
9.414244942873981614e+00 9.670154739471055168e-04
9.423663896508406523e+00 1.123392798881046135e-03
9.433092273807510253e+00 8.033748953919553869e-04
9.442530084199676210e+00 7.172827125523079236e-04
9.451977337122702494e+00 9.474301724810102422e-04
9.461434042023853408e+00 8.765362821787516358e-04
9.470900208359841699e+00 8.172567314523775453e-04
9.480375845596832107e+00 4.100256196587224512e-04
9.489860963210443145e+00 5.483226512355513383e-04
9.499355570685795058e+00 6.051486688816909345e-04
9.508859677517524034e+00 6.092887609883522329e-04
9.518373293209727137e+00 9.602011289294938622e-04
9.527896427276017377e+00 7.113294334875820040e-04
9.537429089239534363e+00 9.878864488904030329e-04
9.546971288632937203e+00 8.376199839545819337e-04
9.556523034998413380e+00 3.309037186101456860e-04
9.566084337887716060e+00 8.328446765665951847e-04
9.575655206862156987e+00 1.032609417056324893e-03
9.585235651492602926e+00 8.763174943429963802e-04
9.594825681359491654e+00 9.718397735766513617e-04
9.604425306052856826e+00 9.473830949186203736e-04
9.614034535172329754e+00 8.523362249095072299e-04
9.623653378327144736e+00 8.134042931443605587e-04
9.633281845136144383e+00 9.766875082348298268e-04
9.642919945227788503e+00 1.023612023918702872e-03
9.652567688240177191e+00 9.670665217872138463e-04
9.662225083821059712e+00 7.548517781816187124e-04
9.671892141627825623e+00 3.206446084671493073e-04
9.681568871327540293e+00 5.425504308569590933e-04
9.691255282596948462e+00 5.375084385748493069e-04
9.700951385122442261e+00 6.909039570783127426e-04
9.710657188600118062e+00 8.726274269807888931e-04
9.720372702735790682e+00 1.027432105884782711e-03
9.730097937244991613e+00 8.812671631078218765e-04
9.739832901852937042e+00 5.615209153687197646e-04
9.749577606294586474e+00 1.083989089688725460e-03
9.759332060314648061e+00 9.315220733749146002e-04
9.769096273667582153e+00 9.589080326618692638e-04
9.778870256117615511e+00 8.270299896615470074e-04
9.788654017438730648e+00 1.144175238903934492e-03
9.798447567414664050e+00 1.025260284944811079e-03
9.808250915838973683e+00 1.070925005612944052e-03
9.818064072515033658e+00 1.082838356022970032e-03
9.827887047255973840e+00 8.235439008160551442e-04
9.837719849884756229e+00 1.018483938992568094e-03
9.847562490234214039e+00 1.128567139756009091e-03
9.857414978147000184e+00 8.803793573789132822e-04
9.867277323475576623e+00 5.991360971850843119e-04
9.877149536082290737e+00 5.111355765860645019e-04
9.887031625839361126e+00 5.207249895813623533e-04
9.896923602628888261e+00 7.446196873940143972e-04
9.906825476342849157e+00 1.025994702822543344e-03
9.916737256883116913e+00 8.913240635798689963e-04
9.926658954161467818e+00 4.584499539524220348e-04
9.936590578099599114e+00 8.721246823889336084e-04
9.946532138629127218e+00 1.131605136330019043e-03
9.956483645691628581e+00 1.200861613357529596e-03
9.966445109238607714e+00 1.190444292195764467e-03
9.976416539231490077e+00 1.227481808860073206e-03
9.986397945641751761e+00 1.121531348687147779e-03
9.996389338450816453e+00 1.076300335461243939e-03
1.000639072765004300e+01 1.125282105220919669e-03
1.001640212324083201e+01 1.138030873925547108e-03
1.002642353523456720e+01 1.088307182003292158e-03
1.003645497365266870e+01 9.845109470731278935e-04
1.004649644852658952e+01 1.027884641468963410e-03
1.005654796989779420e+01 9.726651653543247952e-04
1.006660954781782102e+01 7.753725260381699215e-04
1.007668119234822868e+01 3.495599077104883084e-04
1.008676291356065313e+01 6.688021687641811487e-04
1.009685472153683961e+01 9.787418635274262001e-04
1.010695662636857328e+01 1.094645309707184370e-03
1.011706863815775748e+01 9.014738799783147917e-04
1.012719076701644383e+01 9.172668243290834234e-04
1.013732302306676480e+01 1.209561922600714415e-03
1.014746541644093369e+01 1.210461915062245727e-03
1.015761795728136363e+01 1.128718749036268683e-03
1.016778065574060363e+01 1.164773289176417644e-03
1.017795352198134040e+01 1.172977832879253373e-03
1.018813656617644980e+01 1.163838467762852696e-03
1.019832979850896315e+01 1.204467775877567787e-03
1.020853322917211514e+01 1.188553817884262882e-03
1.021874686836936519e+01 1.189920371910226267e-03
1.022897072631432991e+01 1.106598547302984053e-03
1.023920481323086840e+01 1.110296965727272872e-03
1.024944913935308044e+01 9.387501842344351307e-04
1.025970371492529942e+01 1.051927337958590176e-03
1.026996855020209765e+01 9.365366544456985541e-04
1.028024365544828989e+01 9.565145157755727476e-04
1.029052904093897070e+01 5.932213687412494531e-04
1.030082471695954105e+01 8.878567274489014820e-04
1.031113069380570479e+01 9.215226003467107433e-04
1.032144698178340825e+01 7.757899983374326154e-04
1.033177359120896099e+01 2.817706047478693836e-04
1.034211053240896128e+01 1.624422405268688765e-04
1.035245781572035462e+01 1.566299721362485154e-04
1.036281545149046046e+01 1.816473267734291749e-04
1.037318345007685672e+01 2.295768545237457348e-04
1.038356182184754672e+01 2.682118290446633478e-04
1.039395057718094684e+01 2.903377765473003080e-04
1.040434972646577449e+01 3.130972786351158220e-04
1.041475928010119745e+01 4.162235797768868350e-04
1.042517924849676447e+01 3.888285426293852979e-04
1.043560964207244091e+01 3.955485636437378180e-04
1.044605047125863351e+01 5.366998438449724872e-04
1.045650174649616559e+01 4.683050969012551639e-04
1.046696347823632500e+01 5.863302971157805790e-04
1.047743567694081790e+01 5.399743324615438947e-04
1.048791835308187714e+01 5.794036052809047521e-04
1.049841151714219478e+01 5.402960070631088923e-04
1.050891517961488475e+01 4.615000629103731961e-04
1.051942935100361609e+01 5.732234870212196687e-04
1.052995404182255434e+01 4.708463095046514250e-04
1.054048926259641838e+01 6.065623930177444856e-04
1.055103502386043246e+01 6.240729737180912215e-04
1.056159133616035106e+01 6.630236188204682813e-04
1.057215821005249623e+01 5.580207088281281379e-04
1.058273565610372202e+01 6.074778857561221332e-04
1.059332368489147136e+01 7.682549382621227342e-04
1.060392230700380445e+01 7.474748941413262258e-04
1.061453153303934371e+01 8.336402710640641736e-04
1.062515137360728801e+01 6.173455283736323284e-04
1.063578183932751031e+01 7.417900239327147351e-04
1.064642294083046536e+01 5.724585369684949236e-04
1.065707468875722697e+01 6.474031710043486564e-04
1.066773709375955370e+01 4.240474962579012419e-04
1.067841016649985697e+01 6.044732845021385473e-04
1.068909391765121697e+01 3.804714490152123372e-04
1.069978835789741112e+01 3.942536507434847137e-04
1.071049349793284300e+01 4.036617703948086394e-04
1.072120934846262230e+01 2.538391714140135241e-04
1.073193592020264830e+01 1.749003929820003712e-04
1.074267322387948376e+01 2.033404396377469308e-04
1.075342127023045613e+01 2.511996292274700057e-04
1.076418007000361143e+01 2.568494160513938238e-04
1.077494963395772665e+01 3.257236589349317229e-04
1.078572997286235768e+01 3.014311219086626432e-04
1.079652109749786604e+01 4.689675041796041916e-04
1.080732301865535838e+01 4.203401212848406816e-04
1.081813574713675052e+01 5.164482235765972037e-04
1.082895929375480470e+01 4.680781573931907386e-04
1.083979366933308519e+01 6.406575639192110122e-04
1.085063888470592630e+01 3.889490116931689271e-04
1.086149495071854965e+01 5.951271892852956448e-04
1.087236187822703393e+01 7.260242807366172483e-04
1.088323967809830606e+01 4.607619497086756495e-04
1.089412836121015538e+01 7.488776342471077478e-04
1.090502793845127272e+01 7.609661875980586881e-04
1.091593842072125575e+01 5.118772062315552623e-04
1.092685981893055924e+01 7.045344019138583555e-04
1.093779214400056965e+01 6.799719434007790719e-04
1.094873540686364244e+01 6.422063758631490734e-04
1.095968961846305412e+01 5.572851019755409958e-04
1.097065478975298802e+01 7.141252986271787824e-04
1.098163093169861426e+01 7.056321367395854572e-04
1.099261805527609503e+01 6.538024995338094850e-04
1.100361617147250648e+01 4.892619633077138199e-04
1.101462529128598611e+01 4.379100232079511995e-04
1.102564542572569906e+01 7.532932507491747190e-04
1.103667658581177236e+01 6.440758573168175018e-04
1.104771878257536777e+01 6.544491591802209605e-04
1.105877202705865336e+01 8.400130123744154256e-04
1.106983633031488878e+01 9.453183971083518487e-04
1.108091170340838083e+01 9.474313914367533344e-04
1.109199815741450479e+01 9.329368654103851587e-04
1.110309570341971863e+01 7.210972368903598379e-04
1.111420435252153993e+01 9.551556935783793662e-04
1.112532411582863290e+01 8.405336676396112094e-04
1.113645500446078351e+01 8.808050510655780025e-04
1.114759702954887644e+01 1.021578112612112543e-03
1.115875020223492164e+01 9.134158536293938372e-04
1.116991453367207754e+01 9.874677830341359146e-04
1.118109003502470777e+01 1.038748374020475543e-03
1.119227671746831554e+01 9.830965495869960647e-04
1.120347459218956487e+01 6.176405846113186939e-04
1.121468367038634284e+01 5.290725979639638319e-04
1.122590396326773998e+01 7.706546987501247756e-04
1.123713548205403434e+01 7.996963984855869978e-04
1.124837823797674474e+01 6.854959351132082707e-04
1.125963224227863435e+01 3.798870738209345304e-04
1.127089750621371778e+01 5.926590639738539296e-04
1.128217404104722732e+01 9.455022005991543408e-04
1.129346185805569291e+01 9.191128486705984557e-04
1.130476096852695633e+01 1.046268112926624803e-03
1.131607138376011434e+01 8.568531380637028081e-04
1.132739311506561641e+01 8.396751246717480905e-04
1.133872617376518122e+01 1.046336515078257097e-03
1.135007057119186236e+01 9.406641398286388119e-04
1.136142631869005903e+01 1.009383445140909791e-03
1.137279342761551248e+01 9.138028445389936600e-04
1.138417190933534684e+01 7.429830480293431010e-04
1.139556177522804603e+01 8.794532366072590514e-04
1.140696303668344669e+01 1.003890142808502558e-03
1.141837570510285182e+01 1.041747621479346270e-03
1.142979979189892958e+01 1.071732281843789563e-03
1.144123530849573456e+01 1.004649491613905437e-03
1.145268226632879305e+01 7.962227262743261282e-04
1.146414067684506222e+01 5.498093276279523902e-04
1.147561055150296028e+01 6.519177762948005902e-04
1.148709190177237893e+01 9.445058898227284101e-04
1.149858473913466739e+01 9.730744762420857940e-04
1.151008907508264301e+01 6.977130614448204564e-04
1.152160492112064460e+01 2.673473801824690840e-04
1.153313228876454133e+01 6.191983062601405692e-04
1.154467118954168825e+01 8.455667148009744479e-04
1.155622163499100097e+01 6.236416434708131739e-04
1.156778363666291476e+01 9.723176995643416712e-04
1.157935720611939523e+01 9.571831430639706232e-04
1.159094235493406444e+01 9.206336808919665269e-04
1.160253909469205169e+01 9.450419271023301074e-04
1.161414743699006813e+01 9.291961530324711069e-04
1.162576739343652399e+01 8.989204861742380133e-04
1.163739897565136694e+01 8.576039601588615656e-04
1.164904219526613716e+01 6.924565925469275797e-04
1.166069706392407213e+01 9.097942875184293230e-04
1.167236359328002671e+01 8.988603622277798041e-04
1.168404179500053353e+01 9.693588245127868468e-04
1.169573168076382252e+01 7.816119513827548930e-04
1.170743326225976055e+01 4.672530723529123376e-04
1.171914655118992599e+01 4.083981945955049951e-04
1.173087155926761938e+01 4.294467325847134268e-04
1.174260829821783325e+01 5.370538251711110293e-04
1.175435677977733384e+01 7.145336954978225800e-04
1.176611701569460777e+01 7.696756414748417161e-04
1.177788901772987984e+01 8.241105732391103365e-04
1.178967279765513432e+01 6.023157601856907314e-04
1.180146836725416115e+01 3.100325463525530588e-04
1.181327573832253641e+01 7.979931648191786924e-04
1.182509492266764539e+01 7.546782360153442585e-04
1.183692593210868438e+01 8.898364123570426864e-04
1.184876877847663579e+01 7.973672167691039665e-04
1.186062347361432856e+01 8.926916818196327982e-04
1.187249002937649855e+01 7.218132168207283322e-04
1.188436845762971750e+01 8.493358450764531501e-04
1.189625877025236811e+01 8.118103982848777836e-04
1.190816097913477911e+01 7.550126652740017956e-04
1.192007509617916661e+01 9.677253208485175765e-04
1.193200113329961987e+01 9.117753822622669561e-04
1.194393910242220258e+01 8.574114596216262209e-04
1.195588901548488892e+01 7.272968780355015079e-04
1.196785088443757594e+01 6.320622461748972741e-04
1.197982472124212983e+01 5.207845615531394310e-04
1.199181053787241602e+01 5.522021189662159029e-04
1.200380834631422999e+01 5.804692677621052553e-04
1.201581815856538427e+01 6.520486340209179221e-04
1.202783998663571730e+01 8.864770544797504533e-04
1.203987384254702953e+01 6.415826556547461236e-04
1.205191973833317931e+01 7.992194548908261717e-04
1.206397768604006693e+01 7.348304578766693155e-04
1.207604769772563991e+01 4.416507955271716185e-04
1.208812978545991434e+01 3.441567139821966916e-04
1.210022396132499267e+01 5.333813405431240629e-04
1.211233023741503700e+01 7.835376285584842899e-04
1.212444862583633132e+01 7.710196117393041358e-04
1.213657913870727256e+01 8.294983326137197891e-04
1.214872178815835646e+01 9.115964112402512483e-04
1.216087658633222190e+01 8.049238332104426217e-04
1.217304354538368649e+01 9.745753590332308655e-04
1.218522267747971100e+01 8.745724550882039931e-04
1.219741399479943311e+01 8.705627815760590442e-04
1.220961750953418168e+01 7.981844839547312838e-04
1.222183323388744647e+01 8.269463421129487086e-04
1.223406118007494747e+01 7.955317478525004505e-04
1.224630136032464733e+01 3.671052826404485377e-04
1.225855378687672470e+01 5.262681028038907090e-04
1.227081847198362041e+01 6.530528681273212177e-04
1.228309542791002151e+01 4.420131592080973329e-04
1.229538466693285770e+01 8.128687940142185347e-04
1.230768620134138125e+01 5.743654442441879521e-04
1.232000004343713506e+01 8.661906258822884598e-04
1.233232620553395975e+01 9.130385206184008428e-04
1.234466469995803273e+01 6.547184468062054123e-04
1.235701553904784689e+01 7.863138368666316210e-04
1.236937873515422659e+01 6.276024806664214865e-04
1.238175430064036320e+01 3.538100279641630242e-04
1.239414224788182928e+01 4.571819122756617232e-04
1.240654258926657327e+01 4.745750639886033451e-04
1.241895533719494793e+01 7.415509551937320533e-04
1.243138050407970319e+01 7.077769814277603709e-04
1.244381810234597729e+01 6.491893229171697777e-04
1.245626814443139274e+01 6.486455177827110154e-04
1.246873064278601007e+01 8.556652573730880390e-04
1.248120560987228522e+01 8.420247450730145976e-04
1.249369305816520459e+01 7.615255229618450366e-04
1.250619300015223523e+01 6.855558671595722488e-04
1.251870544833331600e+01 4.311739114738828336e-04
1.253123041522088243e+01 5.351520607727401407e-04
1.254376791333988272e+01 5.177166544317300407e-04
1.255631795522783989e+01 5.487124105474550009e-04
1.256888055343483224e+01 5.415371845256944502e-04
1.258145572052343653e+01 7.546379495883754392e-04
1.259404346906877592e+01 4.754276060244387483e-04
1.260664381165862302e+01 7.765943001258538824e-04
1.261925676089335191e+01 7.979880189857978690e-04
1.263188232938587952e+01 5.879562462385657176e-04
1.264452052976177043e+01 8.489348495709142430e-04
1.265717137465928133e+01 7.820540108840241681e-04
1.266983487672921527e+01 8.650517580756708494e-04
1.268251104863505851e+01 4.904677703105373267e-04
1.269519990305300539e+01 4.022088003722007346e-04
1.270790145267191740e+01 5.376702064171493987e-04
1.272061571019334103e+01 5.743300264662383383e-04
1.273334268833151661e+01 4.796408943813375812e-04
1.274608239981345470e+01 5.889847916758514726e-04
1.275883485737886680e+01 7.410538836513932493e-04
1.277160007378020090e+01 6.383154356687784818e-04
1.278437806178267167e+01 8.635253241069237775e-04
1.279716883416425688e+01 7.959257172423796992e-04
1.280997240371574897e+01 4.528924627076140181e-04
1.282278878324070881e+01 5.124191935322166885e-04
1.283561798555550659e+01 6.429210272730542233e-04
1.284846002348936622e+01 5.349577586466234625e-04
1.286131490988431558e+01 7.167678641909193361e-04
1.287418265759523806e+01 5.249626402047638963e-04
1.288706327948990271e+01 6.528323277732179641e-04
1.289995678844894655e+01 5.578312257535489446e-04
1.291286319736583721e+01 7.178253020739560784e-04
1.292578251914698129e+01 5.800081974344589936e-04
1.293871476671172971e+01 7.727295709354266426e-04
1.295165995299232620e+01 7.299095742288755437e-04
1.296461809093395523e+01 6.279184807367092173e-04
1.297758919349474738e+01 5.523226021378069023e-04
1.299057327364583081e+01 6.802890116595006675e-04
1.300357034437127801e+01 7.653527811576971889e-04
1.301658041866812532e+01 5.303794245939346492e-04
1.302960350954645996e+01 4.756855879992271047e-04
1.304263963002939697e+01 5.111515836116182869e-04
1.305568879315306674e+01 6.044857131323691122e-04
1.306875101196661504e+01 6.013959706342840049e-04
1.308182629953226872e+01 5.782130404141513566e-04
1.309491466892529665e+01 8.079520328280547468e-04
1.310801613323407544e+01 6.859881039058927932e-04
1.312113070556008765e+01 5.197963652023770151e-04
1.313425839901791292e+01 6.322060571407522650e-04
1.314739922673523687e+01 4.969737848610211728e-04
1.316055320185286348e+01 7.002403414693159078e-04
1.317372033752480220e+01 5.552232930174191188e-04
1.318690064691818620e+01 6.883355510348920748e-04
1.320009414321329011e+01 7.331752360694050990e-04
1.321330083960363311e+01 6.457404935344133231e-04
1.322652074929591670e+01 5.145684658662475668e-04
1.323975388551004784e+01 5.932933310561618132e-04
1.325300026147916022e+01 5.909546916493428137e-04
1.326625989044964449e+01 5.417403992201432449e-04
1.327953278568112694e+01 5.809553014296749184e-04
1.329281896044649081e+01 5.072980204799543147e-04
1.330611842803193490e+01 5.901981356848724119e-04
1.331943120173693629e+01 6.580906069142555695e-04
1.333275729487423966e+01 5.387697335315896679e-04
1.334609672076993725e+01 6.661207724977519359e-04
1.335944949276346172e+01 4.453651823794927767e-04
1.337281562420759862e+01 5.622796762760880283e-04
1.338619512846847570e+01 5.808349185453995887e-04
1.339958801892558249e+01 6.529942925970588351e-04
1.341299430897182532e+01 4.511022536497687153e-04
1.342641401201349716e+01 4.000660571635945243e-04
1.343984714147031134e+01 4.890795870377388516e-04
1.345329371077540159e+01 4.907622678908729521e-04
1.346675373337531667e+01 5.676228438403164642e-04
1.348022722273005414e+01 5.048688186634342490e-04
1.349371419231313318e+01 6.264504708214833299e-04
1.350721465561153600e+01 5.668128226628547017e-04
1.352072862612571313e+01 6.749547979607535336e-04
1.353425611736962786e+01 6.221891489197494589e-04
1.354779714287080061e+01 6.926133132643362555e-04
1.356135171617024326e+01 5.596779004653913399e-04
1.357491985082253727e+01 5.038735850844176063e-04
1.358850156039581769e+01 6.323253626706644296e-04
1.360209685847177319e+01 5.238424948032050854e-04
1.361570575864573662e+01 7.137944361623394440e-04
1.362932827452661932e+01 6.980233904907584162e-04
1.364296441973689866e+01 5.309772004415398532e-04
1.365661420791272285e+01 4.674195134876042755e-04
1.367027765270389139e+01 5.109459321095306816e-04
1.368395476777384800e+01 3.937671252825469229e-04
1.369764556679970546e+01 3.674733060476181802e-04
1.371135006347226160e+01 2.898412000449246818e-04
1.372506827149601527e+01 5.028757363271814775e-04
1.373880020458919660e+01 6.363465202267047953e-04
1.375254587648374383e+01 5.770755032650382857e-04
1.376630530092532290e+01 5.455955234383518633e-04
1.378007849167333632e+01 6.698314469987702103e-04
1.379386546250100665e+01 6.931137760889875387e-04
1.380766622719529835e+01 5.858947816584804532e-04
1.382148079955695508e+01 5.617292092769619319e-04
1.383530919340054766e+01 6.847633456309793658e-04
1.384915142255448472e+01 6.250397371319381477e-04
1.386300750086100209e+01 5.915715695659530407e-04
1.387687744217617869e+01 6.394954520634876793e-04
1.389076126036993486e+01 5.562302592764851615e-04
1.390465896932608914e+01 6.620871722695292677e-04
1.391857058294238314e+01 5.704181008463026078e-04
1.393249611513042652e+01 5.659461501371998784e-04
1.394643557981579463e+01 6.144547546980214797e-04
1.396038899093789354e+01 4.991992009957116946e-04
1.397435636245010393e+01 5.165969743973820340e-04
1.398833770831983259e+01 3.917090493461145560e-04
1.400233304252842714e+01 3.884027732479073671e-04
1.401634237907123293e+01 3.305550629828914806e-04
1.403036573195758940e+01 3.037145503286259448e-04
1.404440311521085683e+01 3.433795228772813421e-04
1.405845454286841267e+01 6.465625871525486346e-04
1.407252002898167653e+01 5.861070242950921876e-04
1.408659958761613851e+01 5.147708546849168133e-04
1.410069323285138942e+01 6.302903560259160353e-04
1.411480097878105155e+01 6.532763950635758722e-04
1.412892283951284789e+01 5.769736872313059812e-04
1.414305882916865897e+01 5.617733771355736417e-04
1.415720896188447320e+01 6.545904262549832745e-04
1.417137325181041696e+01 4.665188943363932127e-04
1.418555171311082574e+01 5.753347472897183236e-04
1.419974435996411799e+01 5.734098428837800096e-04
1.421395120656291056e+01 4.324378100617867803e-04
1.422817226711411642e+01 5.689383100194470239e-04
1.424240755583879192e+01 6.729573539903139102e-04
1.425665708697219713e+01 6.967529257237900769e-04
1.427092087476386340e+01 6.512940261169593596e-04
1.428519893347759506e+01 6.383558332103648082e-04
1.429949127739145354e+01 5.545733735144020701e-04
1.431379792079778213e+01 5.935571960484992485e-04
1.432811887800320072e+01 4.483302243350391369e-04
1.434245416332871415e+01 4.673719014450314758e-04
1.435680379110961091e+01 5.547201030601559783e-04
1.437116777569548454e+01 6.369458735798256459e-04
1.438554613145031880e+01 7.403985558142642644e-04
1.439993887275247175e+01 5.135589641310040962e-04
1.441434601399467397e+01 5.172302179870235392e-04
1.442876756958409601e+01 4.903484674940078491e-04
1.444320355394230404e+01 5.113561529782449004e-04
1.445765398150527048e+01 5.552569372453946411e-04
1.447211886672343617e+01 4.977856230813994557e-04
1.448659822406168196e+01 4.439413524936828398e-04
1.450109206799934469e+01 5.705460680653792966e-04
1.451560041303029891e+01 3.981117993296353968e-04
1.453012327366288226e+01 4.777609674854060048e-04
1.454466066441992922e+01 5.434284630806512873e-04
1.455921259983884752e+01 6.860935349927752653e-04
1.457377909447158437e+01 6.811034440396431227e-04
1.458836016288462112e+01 5.772873195824730110e-04
1.460295581965901945e+01 6.723473465955878475e-04
1.461756607939045161e+01 7.255566962274878021e-04
1.463219095668919145e+01 6.755551476568812889e-04
1.464683046618012519e+01 6.269065594861393748e-04
1.466148462250275486e+01 6.092273701553608438e-04
1.467615344031121971e+01 7.317611229837174373e-04
1.469083693427434767e+01 6.327678284131311786e-04
1.470553511907564115e+01 6.398533924386426864e-04
1.472024800941326639e+01 5.879993770563956201e-04
1.473497562000010674e+01 5.472560361505468367e-04
1.474971796556379644e+01 7.524181973133493937e-04
1.476447506084667438e+01 7.107399524573809226e-04
1.477924692060584100e+01 5.696814419363402208e-04
1.479403355961316180e+01 6.716878469294721050e-04
1.480883499265527448e+01 6.255952174261349879e-04
1.482365123453359246e+01 5.936027846209386821e-04
1.483848230006438662e+01 6.871321167757123843e-04
1.485332820407873911e+01 6.134659273350502161e-04
1.486818896142254509e+01 6.019558554997648256e-04
1.488306458695654300e+01 5.459689242101770047e-04
1.489795509555635178e+01 4.467575161221261490e-04
1.491286050211251180e+01 5.168971187428771791e-04
1.492778082153043329e+01 4.390734229737623001e-04
1.494271606873038927e+01 5.516145207994965945e-04
1.495766625864763810e+01 6.399163634936175064e-04
1.497263140623239508e+01 6.012156608223111470e-04
1.498761152644983063e+01 6.004282972055210088e-04
1.500260663428004371e+01 6.288407003331261029e-04
1.501761674471810615e+01 6.636032276733760515e-04
1.503264187277415687e+01 6.840132496871364435e-04
1.504768203347334499e+01 5.783787188803622996e-04
1.506273724185582630e+01 6.414895693088349619e-04
1.507780751297680411e+01 5.499853511324708779e-04
1.509289286190657009e+01 5.952144803284108859e-04
1.510799330373045635e+01 6.502442501256746384e-04
1.512310885354890466e+01 6.397017104069551655e-04
1.513823952647746474e+01 7.034947966416861412e-04
1.515338533764681728e+01 5.856525870825355631e-04
1.516854630220275624e+01 3.710031796121931319e-04
1.518372243530625454e+01 5.427682752220514256e-04
1.519891375213346585e+01 7.065141417859541716e-04
1.521412026787568372e+01 7.343108265262162379e-04
1.522934199773943043e+01 6.399721173192381369e-04
1.524457895694643028e+01 6.309185604996004606e-04
1.525983116073368073e+01 6.751286179667678094e-04
1.527509862435337062e+01 7.570840416303471635e-04
1.529038136307294238e+01 6.785416609358180728e-04
1.530567939217513640e+01 6.544873483942827532e-04
1.532099272695800884e+01 5.955992082577035501e-04
1.533632138273489076e+01 5.520069275917776535e-04
1.535166537483442539e+01 4.647468664412611711e-04
1.536702471860061792e+01 5.952389290759748947e-04
1.538239942939280702e+01 6.037643812997272675e-04
1.539778952258571110e+01 6.131684479064578898e-04
1.541319501356943356e+01 5.734736314337944823e-04
1.542861591774943264e+01 6.109036303432238951e-04
1.544405225054664044e+01 5.744878049657582654e-04
1.545950402739738827e+01 5.936977111866288117e-04
1.547497126375344934e+01 5.830503663514025525e-04
1.549045397508206534e+01 5.304335355440346509e-04
1.550595217686593230e+01 6.400278572971011912e-04
1.552146588460326271e+01 4.488399995256559579e-04
1.553699511380775888e+01 6.041334958835939233e-04
1.555253988000867871e+01 5.208965195302146063e-04
1.556810019875077167e+01 4.409501997889841963e-04
1.558367608559435347e+01 5.438057598390659770e-04
1.559926755611532379e+01 5.516599965924006430e-04
1.561487462590514674e+01 5.017161126122085448e-04
1.563049731057092373e+01 3.888326604918397491e-04
1.564613562573530992e+01 5.688784951615533450e-04
1.566178958703660840e+01 5.854436694508795497e-04
1.567745921012879506e+01 4.993130711771195723e-04
1.569314451068148486e+01 4.554252646159263635e-04
1.570884550437998506e+01 5.191582133236851380e-04
1.572456220692530415e+01 4.661367493994146723e-04
1.574029463403413054e+01 3.274895473357477779e-04
1.575604280143891245e+01 4.932412819500033322e-04
1.577180672488782243e+01 5.361648349741202253e-04
1.578758642014476266e+01 3.859794491633174326e-04
1.580338190298943601e+01 3.904552581087659155e-04
1.581919318921734074e+01 5.172664603083626652e-04
1.583502029463975624e+01 5.566411337746326191e-04
1.585086323508377681e+01 4.472097367351968904e-04
1.586672202639235074e+01 5.485344326570585531e-04
1.588259668442427497e+01 4.459935574760092000e-04
1.589848722505419154e+01 4.762094460631609706e-04
1.591439366417263734e+01 3.977013532982124960e-04
1.593031601768606009e+01 5.372102663977480329e-04
1.594625430151684675e+01 4.783120822030901978e-04
1.596220853160327735e+01 3.852432364675359390e-04
1.597817872389959071e+01 4.458318830394100880e-04
1.599416489437596844e+01 3.500350468173699732e-04
1.601016705901853499e+01 4.633302897883288828e-04
1.602618523382946947e+01 5.344071263424011488e-04
1.604221943482700752e+01 4.456813336773222272e-04
1.605826967804530980e+01 5.652617514075832439e-04
1.607433597953463433e+01 6.514179040992740168e-04
1.609041835536128673e+01 5.879486671913258713e-04
1.610651682160760245e+01 3.726692097835871548e-04
1.612263139437211379e+01 4.622087579370274613e-04
1.613876208976935800e+01 5.668476205276580006e-04
1.615490892393001587e+01 5.837589657109885834e-04
1.617107191300095792e+01 4.938420530083467144e-04
1.618725107314516620e+01 6.116530250841473041e-04
1.620344642054176632e+01 5.232920570647082818e-04
1.621965797138613041e+01 4.893969327525771228e-04
1.623588574188983102e+01 4.067460715204597867e-04
1.625212974828060197e+01 5.203718376868971115e-04
1.626839000680249114e+01 4.116234575978827215e-04
1.628466653371572903e+01 5.854487156136535357e-04
1.630095934529685664e+01 5.500785189429423976e-04
1.631726845783870772e+01 4.405452656907097534e-04
1.633359388765037679e+01 5.368409584004721737e-04
1.634993565105728308e+01 5.396031069963673227e-04
1.636629376440121675e+01 5.728127163344245206e-04
1.638266824404027489e+01 6.201042287007824984e-04
1.639905910634891839e+01 4.903124790025519420e-04
1.641546636771805012e+01 5.868927281075240251e-04
1.643189004455492608e+01 5.977345489537624857e-04
1.644833015328320869e+01 5.668603128912022907e-04
1.646478671034300234e+01 5.350519120019733279e-04
1.648125973219089602e+01 5.023219731915748703e-04
1.649774923529989579e+01 5.640749744039399343e-04
1.651425523615948521e+01 5.931653738489188260e-04
1.653077775127569637e+01 5.369416026448836296e-04
1.654731679717104242e+01 4.212110674978346899e-04
1.656387239038455306e+01 5.854846477287691062e-04
1.658044454747182428e+01 5.106413274354566160e-04
1.659703328500502550e+01 5.152730406666638412e-04
1.661363861957294219e+01 4.837031068050536660e-04
1.663026056778087636e+01 5.451239992328377540e-04
1.664689914625072120e+01 4.186263314116417411e-04
1.666355437162107833e+01 3.029534709275436629e-04
1.668022626054720448e+01 4.870964634680020541e-04
1.669691482970098662e+01 5.412796500471853296e-04
1.671362009577098462e+01 5.172769272220978203e-04
1.673034207546247387e+01 4.656472231415029108e-04
1.674708078549743462e+01 6.181305376344216210e-04
1.676383624261457328e+01 5.689317163267395205e-04
1.678060846356936509e+01 6.107348305353376989e-04
1.679739746513401499e+01 5.283927628508451341e-04
1.681420326409750388e+01 4.528333100018918115e-04
1.683102587726567378e+01 5.207402120295523407e-04
1.684786532146112492e+01 4.916781670059223877e-04
1.686472161352329380e+01 5.645157611373930471e-04
1.688159477030848521e+01 4.156154190480349712e-04
1.689848480868985092e+01 2.669995837214280960e-04
1.691539174555743941e+01 4.800752579642205689e-04
1.693231559781817808e+01 4.394806896136684298e-04
1.694925638239588750e+01 5.089285495362808097e-04
1.696621411623138798e+01 5.731356235857196354e-04
1.698318881628242139e+01 4.255410603603406242e-04
1.700018049952368671e+01 5.339109602281030473e-04
1.701718918294688265e+01 6.199551506430011618e-04
1.703421488356068636e+01 6.276484687820003787e-04
1.705125761839080667e+01 5.932670862364474232e-04
1.706831740447996637e+01 5.665192891061578790e-04
1.708539425888794128e+01 4.732831211965303660e-04
1.710248819869159576e+01 3.065893827747652413e-04
1.711959924098486141e+01 4.088583414142828122e-04
1.713672740287879392e+01 4.821308456669147436e-04
1.715387270150155530e+01 5.450257828349341178e-04
1.717103515399843872e+01 5.490569538717109165e-04
1.718821477753190763e+01 5.046899072727010918e-04
1.720541158928159575e+01 3.713025553168662792e-04
1.722262560644431062e+01 2.572898852991858574e-04
1.723985684623405845e+01 4.345635927441115045e-04
1.725710532588210100e+01 5.538375091929559780e-04
1.727437106263688804e+01 5.782978334665632046e-04
1.729165407376416042e+01 5.855677836536824724e-04
1.730895437654697844e+01 4.937548147214252010e-04
1.732627198828562953e+01 4.381876407192849036e-04
1.734360692629769218e+01 4.127742640686068000e-04
1.736095920791811409e+01 2.757225585275215420e-04
1.737832885049919440e+01 3.887440186286611173e-04
1.739571587141055886e+01 4.433702309033179557e-04
1.741312028803920242e+01 4.420440194216750953e-04
1.743054211778958518e+01 5.569229330264314571e-04
1.744798137808355065e+01 4.995633851716308783e-04
1.746543808636037198e+01 5.376009193824384013e-04
1.748291226007674126e+01 5.056497416558214429e-04
1.750040391670682638e+01 3.227637145313124270e-04
1.751791307374228523e+01 4.532811820433500522e-04
1.753543974869225508e+01 5.326374110403370513e-04
1.755298395908345555e+01 4.508632829609830642e-04
1.757054572246007851e+01 3.392069631859917847e-04
1.758812505638386980e+01 5.259377302002172161e-04
1.760572197843420028e+01 5.452305950578133090e-04
1.762333650620799119e+01 3.780834099561309236e-04
1.764096865731976038e+01 4.527937092348999215e-04
1.765861844940165426e+01 5.559670712635369398e-04
1.767628590010343359e+01 5.201149259497454954e-04
1.769397102709259428e+01 4.992110331434758668e-04
1.771167384805425371e+01 3.741445488665862693e-04
1.772939438069122886e+01 4.727895065898057381e-04
1.774713264272407542e+01 4.723503199713986224e-04
1.776488865189103805e+01 5.139846338805755151e-04
1.778266242594811430e+01 5.957960636858567176e-04
1.780045398266910439e+01 5.202148337460364745e-04
1.781826333984556499e+01 5.425321278676408215e-04
1.783609051528685185e+01 3.725144277569350211e-04
1.785393552682015539e+01 5.213858905012955019e-04
1.787179839229047218e+01 5.752656185000261943e-04
1.788967912956065476e+01 5.678833050869131274e-04
1.790757775651144712e+01 5.085687817353739572e-04
1.792549429104150249e+01 3.597050458761133864e-04
1.794342875106735136e+01 3.238518965627705851e-04
1.796138115452343342e+01 5.037050678415352489e-04
1.797935151936216513e+01 5.600479113399112370e-04
1.799733986355390414e+01 5.536047865459543110e-04
1.801534620508701323e+01 4.907141092638481368e-04
1.803337056196783550e+01 3.586643790167839616e-04
1.805141295222070497e+01 4.310115825825525365e-04
1.806947339388802476e+01 4.480239874580356171e-04
1.808755190503026711e+01 5.246732749854627004e-04
1.810564850372592360e+01 4.857982934073193956e-04
1.812376320807159047e+01 4.662446200000880435e-04
1.814189603618197211e+01 4.595783442640711180e-04
1.816004700618988110e+01 3.289786928136971523e-04
1.817821613624630217e+01 2.641984636433898420e-04
1.819640344452037084e+01 3.972867536855718019e-04
1.821460894919938767e+01 4.766203286897351251e-04
1.823283266848886441e+01 4.782629861000567222e-04
1.825107462061254893e+01 3.079641101159402727e-04
1.826933482381240026e+01 4.408197480420259005e-04
1.828761329634858868e+01 4.763974355127550768e-04
1.830591005649958092e+01 3.159645172482701612e-04
1.832422512256215796e+01 4.696629470418740436e-04
1.834255851285137595e+01 3.670200780593470919e-04
1.836091024570063013e+01 4.685616663517422733e-04
1.837928033946165485e+01 3.870489147892247021e-04
1.839766881250454844e+01 4.960769417575979293e-04
1.841607568321781940e+01 5.452532828567957035e-04
1.843450097000830823e+01 4.828321443724924644e-04
1.845294469130127979e+01 5.579753495308226304e-04
1.847140686554049438e+01 4.626573189258943730e-04
1.848988751118810114e+01 4.550848190324192737e-04
1.850838664672475176e+01 4.525573413458137267e-04
1.852690429064958977e+01 3.391157086267650362e-04
1.854544046148026837e+01 3.981307230862119037e-04
1.856399517775295749e+01 4.824466590263580437e-04
1.858256845802234380e+01 3.810939445050612307e-04
1.860116032086173377e+01 4.210872463459637040e-04
1.861977078486302872e+01 3.480593166513967361e-04
1.863839986863664677e+01 3.256548675885877057e-04
1.865704759081167907e+01 4.133766327885881513e-04
1.867571397003585787e+01 4.614646461628123014e-04
1.869439902497553163e+01 4.161683817061290701e-04
1.871310277431580005e+01 3.140598235711331075e-04
1.873182523676043942e+01 4.051171072130271703e-04
1.875056643103187426e+01 3.904994239138736114e-04
1.876932637587128028e+01 4.744917878323926474e-04
1.878810509003863416e+01 4.690467626088870448e-04
1.880690259231264605e+01 4.868781992475729723e-04
1.882571890149079508e+01 5.595168183230194011e-04
1.884455403638942528e+01 5.596983802923099788e-04
1.886340801584366389e+01 5.585996415566864748e-04
1.888228085870749595e+01 4.733419724505531952e-04
1.890117258385375720e+01 5.152930171816545377e-04
1.892008321017416961e+01 4.212927437062911895e-04
1.893901275657937333e+01 4.679285845126357176e-04
1.895796124199889476e+01 4.620682158964836824e-04
1.897692868538123179e+01 3.822015668972979664e-04
1.899591510569385377e+01 2.787811690604383641e-04
1.901492052192317317e+01 2.204533837122661286e-04
1.903394495307458811e+01 3.744246538126955442e-04
1.905298841817252509e+01 4.480597261485347489e-04
1.907205093626047798e+01 4.848904590260080414e-04
1.909113252640094416e+01 4.973105882665604036e-04
1.911023320767551681e+01 4.546102998120911008e-04
1.912935299918490628e+01 4.013367078333229549e-04
1.914849192004891165e+01 4.900024163012625753e-04
1.916764998940641007e+01 4.936138481626234191e-04
1.918682722641546334e+01 4.535112105083615309e-04
1.920602365025334990e+01 3.839794429394478739e-04
1.922523928011649730e+01 3.415496796070823806e-04
1.924447413522055683e+01 2.303452074731055540e-04
1.926372823480035024e+01 3.427268424237748471e-04
1.928300159810998693e+01 3.331189193143412638e-04
1.930229424442280362e+01 3.277913922725769627e-04
1.932160619303145666e+01 2.796544667019250472e-04
1.934093746324792207e+01 2.694453249231842712e-04
1.936028807440346355e+01 2.916766868177467632e-04
1.937965804584867868e+01 3.714613910435673322e-04
1.939904739695356994e+01 3.488060792972841871e-04
1.941845614710750567e+01 2.531773877421047460e-04
1.943788431571919162e+01 2.573399105014267333e-04
1.945733192221679886e+01 3.535462980594279887e-04
1.947679898604793181e+01 3.804817505068832620e-04
1.949628552667968506e+01 4.247393081017369811e-04
1.951579156359862210e+01 4.496763698681858655e-04
1.953531711631070422e+01 3.914357131801637782e-04
1.955486220434149303e+01 3.883286712638204748e-04
1.957442684723612203e+01 3.365614296746134671e-04
1.959401106455926111e+01 2.417095838453808137e-04
1.961361487589508457e+01 3.807583929819186833e-04
1.963323830084740251e+01 4.236629168716162788e-04
1.965288135903965383e+01 4.218127207311146883e-04
1.967254407011493811e+01 4.026907572367332058e-04
1.969222645373592684e+01 3.130552969952782143e-04
1.971192852958498420e+01 3.526484109348018139e-04
1.973165031736424879e+01 2.566336690292611166e-04
1.975139183679548083e+01 4.230642176031512778e-04
1.977115310762015454e+01 4.441574508134938856e-04
1.979093414959955055e+01 4.257771864458202216e-04
1.981073498251476295e+01 3.560988797522799819e-04
1.983055562616664957e+01 2.759688761988781801e-04
1.985039610037580715e+01 3.727686270505957931e-04
1.987025642498271338e+01 3.760998286641089759e-04
1.989013661984772696e+01 3.045986698179231318e-04
1.991003670485099875e+01 1.975015613345865791e-04
1.992995669989263519e+01 2.376241597765088912e-04
1.994989662489262017e+01 3.092912689375424328e-04
1.996985649979085053e+01 3.402546111338987074e-04
1.998983634454724623e+01 3.873667343794728055e-04
2.000983617914165436e+01 3.837213528563405084e-04
2.002985602357393091e+01 4.184583209883783171e-04
2.004989589786389814e+01 3.896537555992317338e-04
2.006995582205140138e+01 4.066651135588033217e-04
2.009003581619641920e+01 4.360605654313810743e-04
2.011013590037894971e+01 4.289073368939586581e-04
2.013025609469907806e+01 4.591219222060112059e-04
2.015039641927696934e+01 3.837200744156937598e-04
2.017055689425292897e+01 4.306391620287091022e-04
2.019073753978746311e+01 3.632368645193781941e-04
2.021093837606121468e+01 3.964184438925652271e-04
2.023115942327501671e+01 2.781860586340069203e-04
2.025140070164993134e+01 3.456169059666262420e-04
2.027166223142722856e+01 3.923753963613652073e-04
2.029194403286842885e+01 3.634050481316461511e-04
2.031224612625539194e+01 2.936199719247059277e-04
2.033256853189016056e+01 2.105617813058512935e-04
2.035291127009513801e+01 2.867372876476714859e-04
2.037327436121308111e+01 3.742949337537311333e-04
2.039365782560706819e+01 3.773914565232913709e-04
2.041406168366060925e+01 3.609789380137126821e-04
2.043448595577752869e+01 3.275602717126927790e-04
2.045493066238208613e+01 4.078508122448124993e-04
2.047539582391904744e+01 3.418648818590822231e-04
2.049588146085354268e+01 3.789860061104220572e-04
2.051638759367113352e+01 4.050736098295852562e-04
2.053691424287807621e+01 3.671955404056188648e-04
2.055746142900097340e+01 2.880596229007050435e-04
2.057802917258701569e+01 2.420963330637025343e-04
2.059861749420398880e+01 3.371154563468908589e-04
2.061922641444015625e+01 3.677474369515285361e-04
2.063985595390441929e+01 3.748850488414923058e-04
2.066050613322636309e+01 2.297233707455500465e-04
2.068117697305617142e+01 3.760294584169529444e-04
2.070186849406465868e+01 4.258121149370216194e-04
2.072258071694334092e+01 4.368389059627476325e-04
2.074331366240445718e+01 4.168380515109467626e-04
2.076406735118098013e+01 3.720684651720284762e-04
2.078484180402660897e+01 2.546668931345203520e-04
2.080563704171576234e+01 3.205749851427470119e-04
2.082645308504367065e+01 4.047112613767964899e-04
2.084728995482641523e+01 4.295470412841265748e-04
2.086814767190082520e+01 4.223288793518294973e-04
2.088902625712460548e+01 3.910918752814297869e-04
2.090992573137638644e+01 3.986342393235033218e-04
2.093084611555565999e+01 3.941217929474836513e-04
2.095178743058281867e+01 3.531856396770695610e-04
2.097274969739913075e+01 2.949446867359174817e-04
2.099373293696688236e+01 2.140625442875863536e-04
2.101473717026936683e+01 3.224668827828884414e-04
2.103576241831074256e+01 3.656658429041148768e-04
2.105680870211626043e+01 3.580289088504325025e-04
2.107787604273225668e+01 3.807412006019786376e-04
2.109896446122603919e+01 3.691727015722391279e-04
2.112007397868605096e+01 2.947976532449327731e-04
2.114120461622180969e+01 2.463307789590633845e-04
2.116235639496393262e+01 1.862327847404103912e-04
2.118352933606420763e+01 2.107064936183402249e-04
2.120472346069563230e+01 3.195973339730274793e-04
2.122593879005228246e+01 3.057158890746967538e-04
2.124717534534942942e+01 2.524060770774825212e-04
2.126843314782371408e+01 3.223875574797165121e-04
2.128971221873295150e+01 3.320829602082434658e-04
2.131101257935616644e+01 3.167321246478098308e-04
2.133233425099371061e+01 2.179892233089436050e-04
2.135367725496725910e+01 2.663634517267375428e-04
2.137504161261986013e+01 1.962037260095776973e-04
2.139642734531587109e+01 3.039141449667827908e-04
2.141783447444101895e+01 2.974535849826912882e-04
2.143926302140238960e+01 3.543812142325757650e-04
2.146071300762854150e+01 3.901758156399138828e-04
2.148218445456949866e+01 3.903520679358590383e-04
2.150367738369670789e+01 3.980741317836931675e-04
2.152519181650312063e+01 3.782537694815092709e-04
2.154672777450314314e+01 3.875122488599852034e-04
2.156828527923276084e+01 3.441089241082658542e-04
2.158986435224949219e+01 2.839559374645395508e-04
2.161146501513236728e+01 3.336273396655537360e-04
2.163308728948201676e+01 3.197916975213857451e-04
2.165473119692071791e+01 2.534414666667848880e-04
2.167639675909241959e+01 1.951764462631180690e-04
2.169808399766269247e+01 2.846084054886221680e-04
2.171979293431876457e+01 3.235437286671181013e-04
2.174152359076958163e+01 3.144627560560118496e-04
2.176327598874578229e+01 3.427055928148120025e-04
2.178505014999976197e+01 3.218779905689037393e-04
2.180684609630571913e+01 2.941309927692715531e-04
2.182866384945963389e+01 1.914766566318128551e-04
2.185050343127922545e+01 1.564436560479141880e-04
2.187236486360407639e+01 2.597860195476111114e-04
2.189424816829557585e+01 2.389333356143697211e-04
2.191615336723705809e+01 3.323626668196049045e-04
2.193808048233373853e+01 3.270650347735463742e-04
2.196002953551274928e+01 2.753876534978470748e-04
2.198200054872313558e+01 3.132316552060654792e-04
2.200399354393591267e+01 3.651009775342809360e-04
2.202600854314403378e+01 3.429528841704045810e-04
2.204804556836252516e+01 3.183913362313672466e-04
2.207010464162845764e+01 2.287400805764657288e-04
2.209218578500086139e+01 2.321972274571659084e-04
2.211428902056088219e+01 3.041053030603906287e-04
2.213641437041175308e+01 2.325578592442844911e-04
2.215856185667881206e+01 3.262385917336529787e-04
2.218073150150954120e+01 3.559187945778500661e-04
2.220292332707365546e+01 3.220043131001711989e-04
2.222513735556297476e+01 2.958693159370414305e-04
2.224737360919150575e+01 2.902948629337560502e-04
2.226963211019553768e+01 3.575430479898153435e-04
2.229191288083353228e+01 3.552684960125728126e-04
2.231421594338622327e+01 3.347291952198842304e-04
2.233654132015670868e+01 2.867728887043498819e-04
2.235888903347036916e+01 2.210961673050428110e-04
2.238125910567492838e+01 1.918014246157971018e-04
2.240365155914042106e+01 2.048251106343487737e-04
2.242606641625935637e+01 2.801407101984122977e-04
2.244850369944660784e+01 3.171374384633231540e-04
2.247096343113940975e+01 3.028419079022726047e-04
2.249344563379752415e+01 2.943361226979961001e-04
2.251595032990311651e+01 2.486776910668118934e-04
2.253847754196090136e+01 1.659612544001008174e-04
2.256102729249811745e+01 2.512867112632639227e-04
2.258359960406449218e+01 2.893811264869713008e-04
2.260619449923235180e+01 2.650977933255517353e-04
2.262881200059662135e+01 1.829128298627801376e-04
2.265145213077477493e+01 2.945849453397492677e-04
2.267411491240694588e+01 3.454871724193513734e-04
2.269680036815593382e+01 3.587826695754378820e-04
2.271950852070715143e+01 3.549383464755415715e-04
2.274223939276874162e+01 3.494697118368073649e-04
2.276499300707165219e+01 3.584733506061193271e-04
2.278776938636944749e+01 3.401163248887712756e-04
2.281056855343848255e+01 3.385067951539807193e-04
2.283339053107801320e+01 3.051521799407757619e-04
2.285623534210996866e+01 2.999566038058317083e-04
2.287910300937914698e+01 2.647368936310204811e-04
2.290199355575327544e+01 1.914091611113682208e-04
2.292490700412289684e+01 1.913017691245997058e-04
2.294784337740144053e+01 2.612428241919311921e-04
2.297080269852526513e+01 2.608878577086128580e-04
2.299378499045367619e+01 2.018694147348651315e-04
2.301679027616902218e+01 2.669305399835253086e-04
2.303981857867652749e+01 3.144256268434691254e-04
2.306286992100450917e+01 3.333414013701381539e-04
2.308594432620436621e+01 3.509892797586366226e-04
2.310904181735047302e+01 3.497335786496751802e-04
2.313216241754033575e+01 3.472644566796524962e-04
2.315530614989452474e+01 3.560476551740231221e-04
2.317847303755678467e+01 3.112323794746413709e-04
2.320166310369401685e+01 2.419024824554548750e-04
2.322487637149628270e+01 3.461122645983201246e-04
2.324811286417688905e+01 3.306311392926620531e-04
2.327137260497227089e+01 3.683074936002078085e-04
2.329465561714215127e+01 3.472010037918127280e-04
2.331796192396961231e+01 2.877012252624204405e-04
2.334129154876094248e+01 3.459541531330716409e-04
2.336464451484577509e+01 3.417207414915247030e-04
2.338802084557711325e+01 3.414638550770379504e-04
2.341142056433121255e+01 3.298926759726091918e-04
2.343484369450780136e+01 3.156235534508278749e-04
2.345829025953008795e+01 2.472476787483120306e-04
2.348176028284458994e+01 2.609616076300208271e-04
2.350525378792130837e+01 1.681988537337189918e-04
2.352877079825378104e+01 2.144643444906445728e-04
2.355231133735897942e+01 2.671886509202027384e-04
2.357587542877748277e+01 2.716221461473037951e-04
2.359946309607335735e+01 2.315030554391275276e-04
2.362307436283430562e+01 1.890341225537427140e-04
2.364670925267160584e+01 1.514926885731775403e-04
2.367036778922011209e+01 2.315652690892223227e-04
2.369404999613836793e+01 2.645100062109790240e-04
2.371775589710859578e+01 2.767614125928850844e-04
2.374148551583669331e+01 2.497687294111325526e-04
2.376523887605229390e+01 2.391895455814521709e-04
2.378901600150875950e+01 2.288159000774866341e-04
2.381281691598320549e+01 1.365200019229278279e-04
2.383664164327652202e+01 1.845800518140653518e-04
2.386049020721349834e+01 1.367041992329025529e-04
2.388436263164266649e+01 1.509177137081003288e-04
2.390825894043641142e+01 1.707460455465208138e-04
2.393217915749107405e+01 1.500457446582590640e-04
2.395612330672691570e+01 1.983174571187773657e-04
2.398009141208807193e+01 2.543564566014225401e-04
2.400408349754265913e+01 2.698180761467382856e-04
2.402809958708272475e+01 2.950441612794104567e-04
2.405213970472434681e+01 3.067603629376486818e-04
2.407620387450768362e+01 3.111470908598876011e-04
2.410029212049694181e+01 2.636299033546407990e-04
2.412440446678027683e+01 3.146222574293618688e-04
2.414854093747005237e+01 3.176618831098393858e-04
2.417270155670281184e+01 3.408794633776944917e-04
2.419688634863916121e+01 3.474969792481559061e-04
2.422109533746385424e+01 3.477535255878593293e-04
2.424532854738587062e+01 3.114957005129601508e-04
2.426958600263845867e+01 3.413293389430331701e-04
2.429386772747912104e+01 3.386289947274620190e-04
2.431817374618954020e+01 3.170562157343686507e-04
2.434250408307572044e+01 3.433554433911880721e-04
2.436685876246801996e+01 3.436951151789820018e-04
2.439123780872116498e+01 3.431304918520279405e-04
2.441564124621411835e+01 2.787422879752066780e-04
2.444006909935032112e+01 3.212645117894466300e-04
2.446452139255762503e+01 3.386317695803309842e-04
2.448899815028838489e+01 3.151958957802898902e-04
2.451349939701938396e+01 3.238012773658000584e-04
2.453802515725180200e+01 2.865011532397796845e-04
2.456257545551137866e+01 3.320129154697050531e-04
2.458715031634840997e+01 3.387181642350947132e-04
2.461174976433786554e+01 2.993395038617099250e-04
2.463637382407915410e+01 3.108600723536178228e-04
2.466102252019627983e+01 2.543642832360045077e-04
2.468569587733798443e+01 3.082852929072785577e-04
2.471039392017759795e+01 2.912349543759219566e-04
2.473511667341317377e+01 3.019437026506218151e-04
2.475986416176749216e+01 2.759519681196832982e-04
2.478463640998809581e+01 3.053335123845167315e-04
2.480943344284717256e+01 3.033128271976916635e-04
2.483425528514172598e+01 2.992831986752242357e-04
2.485910196169365705e+01 2.851450902984187480e-04
2.488397349734959008e+01 2.702280364427105726e-04
2.490886991698106101e+01 2.345741323634813484e-04
2.493379124548459558e+01 2.283610686583706871e-04
2.495873750778143929e+01 1.678811700346439313e-04
2.498370872881786298e+01 1.458781985245411817e-04
2.500870493356512014e+01 2.079055587559451676e-04
2.503372614701940435e+01 1.873729159188588177e-04
2.505877239420191671e+01 1.231436425604682226e-04
2.508384370015888365e+01 1.711253600875103182e-04
2.510894008996163151e+01 1.949694544897747229e-04
2.513406158870654394e+01 1.564249589804190329e-04
2.515920822151512226e+01 1.192804191912559493e-04
2.518438001353406008e+01 1.703773667850736525e-04
2.520957698993506213e+01 1.851890920786247730e-04
2.523479917591512134e+01 1.604273021166249986e-04
2.526004659669649755e+01 2.226459529731882568e-04
2.528531927752655761e+01 2.309121424734054430e-04
2.531061724367804189e+01 2.105314629524535476e-04
2.533594052044892209e+01 1.798301988019067581e-04
2.536128913316240840e+01 1.187451269084334850e-04
2.538666310716707031e+01 1.681683303816108020e-04
2.541206246783698930e+01 2.088239191709199765e-04
2.543748724057152444e+01 2.325995824508477253e-04
2.546293745079537985e+01 2.415339869157127743e-04
2.548841312395878589e+01 2.559899151521397563e-04
2.551391428553745300e+01 2.678342562016992846e-04
2.553944096103251837e+01 2.752700390840044100e-04
2.556499317597066678e+01 2.604523681365223439e-04
2.559057095590409503e+01 2.636472620996360402e-04
2.561617432641063985e+01 2.575578410273548016e-04
2.564180331309369265e+01 2.889685172326257774e-04
2.566745794158215688e+01 3.006216490507772560e-04
2.569313823753072157e+01 2.826641510684787606e-04
2.571884422661970504e+01 2.538050329428926766e-04
2.574457593455503357e+01 2.911047701966613141e-04
2.577033338706839771e+01 3.053143888061962208e-04
2.579611660991733402e+01 3.059024449325994303e-04
2.582192562888502962e+01 3.003938239771591630e-04
2.584776046978048214e+01 3.009589556718724628e-04
2.587362115843859556e+01 2.799546300756442841e-04
2.589950772071999552e+01 2.750487256584991237e-04
2.592542018251125668e+01 2.131524161094150265e-04
2.595135856972487076e+01 1.782029291493765781e-04
2.597732290829916124e+01 1.502180695876976959e-04
2.600331322419856406e+01 1.729794173844988962e-04
2.602932954341340022e+01 2.063480953669885002e-04
2.605537189195993264e+01 1.466977248831833670e-04
2.608144029588050117e+01 2.165119451501385341e-04
2.610753478124353322e+01 2.551218268279389868e-04
2.613365537414355089e+01 2.636389511298738750e-04
2.615980210070109990e+01 2.620241249277238975e-04
2.618597498706294857e+01 2.811639141054688546e-04
2.621217405940193856e+01 2.673087391958398561e-04
2.623839934391715545e+01 2.511243409430628749e-04
2.626465086683390027e+01 2.177583564257917922e-04
2.629092865440370730e+01 2.738802025561918718e-04
2.631723273290439380e+01 2.768893418365850237e-04
2.634356312864002803e+01 2.732728468184584224e-04
2.636991986794097187e+01 2.674483108053913433e-04
2.639630297716394125e+01 2.523816818464374740e-04
2.642271248269207007e+01 1.938816713344188513e-04
2.644914841093483204e+01 2.350379314188017659e-04
2.647561078832823611e+01 2.319821982082468422e-04
2.650209964133468077e+01 2.163140956538112092e-04
2.652861499644296472e+01 1.767293691813329464e-04
2.655515688016841835e+01 1.636817227296290126e-04
2.658172531905298897e+01 1.054615062501862611e-04
2.660832033966513066e+01 1.599733431000868017e-04
2.663494196859982921e+01 1.335960023484288918e-04
2.666159023247867310e+01 1.571645911787527086e-04
2.668826515794997789e+01 1.269089688192274372e-04
2.671496677168869383e+01 1.155085073995580988e-04
2.674169510039640230e+01 1.620092924223823022e-04
2.676845017080141531e+01 1.894845534859552734e-04
2.679523200965881458e+01 1.986541962769255521e-04
2.682204064375044439e+01 2.236189533729826095e-04
2.684887609988494717e+01 2.336676505505188748e-04
2.687573840489778831e+01 2.363738054322451587e-04
2.690262758565126333e+01 2.264685205591785409e-04
2.692954366903455110e+01 2.475266523837805978e-04
2.695648668196378139e+01 2.433448551341550216e-04
2.698345665138191762e+01 2.330689414039138199e-04
2.701045360425897002e+01 1.781499076793690900e-04
2.703747756759190679e+01 1.414169284594551273e-04
2.706452856840460086e+01 1.479636505827302726e-04
2.709160663374812827e+01 1.952783031331409400e-04
2.711871179070055859e+01 2.205169636306826011e-04
2.714584406636703662e+01 2.386476461289952042e-04
2.717300348787984277e+01 2.561183304852157486e-04
2.720019008239840730e+01 2.385263583395773844e-04
2.722740387710935295e+01 2.736331323273217490e-04
2.725464489922639544e+01 2.798339337032867817e-04
2.728191317599062060e+01 2.751335570113234551e-04
2.730920873467030319e+01 2.818561233784284926e-04
2.733653160256097436e+01 2.709984853975464262e-04
2.736388180698551409e+01 2.850832410435283934e-04
2.739125937529416177e+01 2.826818685973438031e-04
2.741866433486446653e+01 2.818320315248100871e-04
2.744609671310132981e+01 2.812458751089869655e-04
2.747355653743719728e+01 2.656431909132220574e-04
2.750104383533188823e+01 2.798770693128978596e-04
2.752855863427273064e+01 2.724805094975649264e-04
2.755610096177446877e+01 2.173431711265445983e-04
2.758367084537944081e+01 2.373875721321494459e-04
2.761126831265763215e+01 2.574535262494954675e-04
2.763889339120642319e+01 2.618944792725624296e-04
2.766654610865089481e+01 2.240546406213371261e-04
2.769422649264379999e+01 2.528055443582364822e-04
2.772193457086548207e+01 2.531498647321052419e-04
2.774967037102406309e+01 2.460314110471387801e-04
2.777743392085532292e+01 2.385736111533433268e-04
2.780522524812284857e+01 2.266292630252423755e-04
2.783304438061790620e+01 1.986874835030982530e-04
2.786089134615966145e+01 1.824967390544270953e-04
2.788876617259509416e+01 1.213141005527463163e-04
2.791666888779902678e+01 1.623331798829917138e-04
2.794459951967420963e+01 1.863923118787169577e-04
2.797255809615122857e+01 1.530513434711661905e-04
2.800054464518865416e+01 1.214820436847552354e-04
2.802855919477306657e+01 1.886444106435139760e-04
2.805660177291896318e+01 1.873054660561415923e-04
2.808467240766897532e+01 1.784827658959095358e-04
2.811277112709372616e+01 1.811393836799256958e-04
2.814089795929188753e+01 1.819978140664779503e-04
2.816905293239039310e+01 1.581707987756502364e-04
2.819723607454419323e+01 1.013113715219459587e-04
2.822544741393641843e+01 1.127834428554193357e-04
2.825368697877840418e+01 1.260061613397522537e-04
2.828195479730974427e+01 1.647970475959073327e-04
2.831025089779821613e+01 1.755918596967944996e-04
2.833857530853995854e+01 1.739728387982049059e-04
2.836692805785937921e+01 1.492238220083660829e-04
2.839530917410918676e+01 1.212169679455544103e-04
2.842371868567051152e+01 8.282218605253786534e-05
2.845215662095292686e+01 1.339108315727563980e-04
2.848062300839434258e+01 1.557315615839438344e-04
2.850911787646112927e+01 1.579192126090752735e-04
2.853764125364813964e+01 1.521996486973634826e-04
2.856619316847877599e+01 1.210028134630847116e-04
2.859477364950496892e+01 8.220847214672671389e-05
2.862338272530719152e+01 1.345777484222361413e-04
2.865202042449451980e+01 1.595171760866872753e-04
2.868068677570465042e+01 1.725158048213852743e-04
2.870938180760397529e+01 1.735890293153557877e-04
2.873810554888752833e+01 1.959900467684246624e-04
2.876685802827898897e+01 1.806904759109891447e-04
2.879563927453084560e+01 1.997233298038827835e-04
2.882444931642435293e+01 2.153826742177373502e-04
2.885328818276960305e+01 2.151730215284386807e-04
2.888215590240545794e+01 2.147809553344750752e-04
2.891105250419960271e+01 1.784005355243913516e-04
2.893997801704864514e+01 2.222537078874789419e-04
2.896893246987810855e+01 2.231206848015948162e-04
2.899791589164249928e+01 2.226923909772194330e-04
2.902692831132520723e+01 1.938844846670763724e-04
2.905596975793861603e+01 2.095429998386850513e-04
2.908504026052419889e+01 1.951048363181365501e-04
2.911413984815246891e+01 1.609025146842459183e-04
2.914326854992300753e+01 1.167742035937706304e-04
2.917242639496451417e+01 1.777925791100093986e-04
2.920161341243479569e+01 2.012787623123770883e-04
2.923082963152094038e+01 2.111859795412362822e-04
2.926007508143920077e+01 1.987844576456362304e-04
2.928934979143501138e+01 1.882026385767847647e-04
2.931865379078299938e+01 1.822595578075282671e-04
2.934798710878724748e+01 1.404308096008873702e-04
2.937734977478110210e+01 1.262805733622217590e-04
2.940674181812712362e+01 1.885392846288559308e-04
2.943616326821740614e+01 2.089993350364875084e-04
2.946561415447344601e+01 2.164722609906733516e-04
2.949509450634608854e+01 1.824834132576480669e-04
2.952460435331563104e+01 1.731315919954594146e-04
2.955414372489201114e+01 1.877020995507932405e-04
2.958371265061458288e+01 1.768070316536937074e-04
2.961331116005223762e+01 2.205396827637324706e-04
2.964293928280351054e+01 1.989172505465117938e-04
2.967259704849656288e+01 2.244170847452608064e-04
2.970228448678913580e+01 2.205966937593946452e-04
2.973200162736866403e+01 2.043546292875722623e-04
2.976174849995227234e+01 1.932374878287062159e-04
2.979152513428684657e+01 1.471494847912117421e-04
2.982133156014906561e+01 1.156915932975558604e-04
2.985116780734533748e+01 1.097939895880503496e-04
2.988103390571191653e+01 1.219658189838562659e-04
2.991092988511488926e+01 1.657119531708209175e-04
2.994085577545022403e+01 1.804878381227400554e-04
2.997081160664382793e+01 2.093231134577489211e-04
